"id" "timestamp" "is_buy" "stockid" "price" "amount" "is_real" "max_delta" "min_delta" "start_delta.delta" "end_delta.delta" "yprice.yprice"
"X1" 388 2014-08-26 09:52:11 0 sh600017 3.11 6400 1 0.019417 -0.029126 -0.009709 -0.012945 3.09
"X2" 391 2014-08-27 14:55:04 1 sh600017 2.98 6400 1 0 -0.023026 -0.006579 -0.016447 3.04
"X3" 412 2014-09-01 11:16:18 0 sh600017 2.97 6700 1 0.033898 -0.00678 0.00339 0.020339 2.95
"X4" 428 2014-09-02 14:55:03 1 sh600017 3.21 6700 1 0.096346 0.003322 0.006645 0.066445 3.01
"X5" 509 2014-09-11 09:54:03 0 sh600017 3.5 5700 1 0.083815 -0.023121 -0.014451 0.020231 3.46
"X6" 518 2014-09-12 14:55:03 1 sh600017 3.55 5700 1 0.028329 -0.022663 -0.005666 0.005666 3.53
"X7" 538 2014-09-15 09:41:47 0 sh600017 3.61 5500 1 0.025352 -0.011268 0.002817 -0.002817 3.55
"X8" 552 2014-09-16 14:55:04 1 sh600017 3.36 5500 1 -0.002825 -0.053672 -0.002825 -0.048023 3.54
"X9" 563 2014-09-18 09:32:58 0 sh600017 3.5 5700 1 0.042493 -0.022663 -0.005666 0.005666 3.53
"X10" 569 2014-09-19 14:55:01 1 sh600017 3.46 5700 1 -0.00565 -0.031073 -0.011299 -0.016949 3.54
"X11" 582 2014-09-22 09:37:14 0 sh600017 3.47 5800 1 0.017241 -0.017241 -0.017241 0.002874 3.48
"X12" 599 2014-09-23 14:55:02 1 sh600017 3.47 5800 1 0.008596 -0.014327 -0.002865 -0.002865 3.49
"X13" 898 2014-11-04 09:30:11 0 sh600017 4.34 4600 1 0.064815 -0.034722 0 -0.030093 4.32
"X14" 906 2014-11-05 09:30:40 1 sh600017 4.2 4600 1 0.038186 -0.040573 0.00716 0 4.19
"X15" 948 2014-11-10 09:53:03 0 sh600017 4.16 4800 1 0.087379 -0.002427 0.012136 0.080097 4.12
"X17" 962 2014-11-11 10:30:33 1 sh600017 4.12 4800 1 -0.011236 -0.078652 -0.011236 -0.07191 4.45
"X16" 961 2014-11-11 09:34:36 0 sh600017 4.39 4600 1 -0.011236 -0.078652 -0.011236 -0.07191 4.45
"X18" 985 2014-11-12 09:30:16 1 sh600017 4.03 4600 1 0.002427 -0.033981 -0.014563 0 4.12
"X19" 1842 2015-01-09 09:31:32 0 sh600017 4.72 4200 1 0.027368 -0.018947 -0.014737 0.002105 4.75
"X20" 1868 2015-01-12 09:35:00 1 sh600017 4.71 4200 1 0.004202 -0.044118 -0.023109 -0.02521 4.76
"X21" 1897 2015-01-13 09:33:17 0 sh600017 4.68 4300 1 0.019438 -0.008639 0 0 4.63
"X22" 1920 2015-01-14 09:32:05 1 sh600017 4.66 4300 1 0.019481 -0.02381 0.015152 -0.017316 4.62
"X23" 1913 2015-01-14 09:51:16 0 sh600027 6.28 3200 1 0.024272 -0.001618 0.006472 0.022654 6.18
"X24" 1937 2015-01-15 14:55:01 1 sh600027 6.46 3200 1 0.030063 -0.004747 0.006329 0.030063 6.32
"X25" 1917 2015-01-14 10:08:43 0 sh600030 32.73 600 1 0.023935 -0.008393 -0.000622 0.015232 32.17
"X26" 1938 2015-01-15 14:30:33 1 sh600030 33.35 600 1 0.028169 -0.029394 -0.007348 0.022045 32.66
"X27" 1441 2014-12-11 09:36:16 0 sh600031 8.7 2300 1 0.010239 -0.047782 -0.010239 -0.027304 8.79
"X28" 1462 2014-12-12 14:55:04 1 sh600031 8.35 2300 1 -0.003509 -0.040936 -0.008187 -0.024561 8.55
"X29" 1711 2014-12-29 09:44:34 0 sh600031 10.16 2000 1 0.03493 -0.043912 -0.02495 0.01996 10.02
"X31" 1758 2015-01-05 14:55:02 1 sh600031 10.01 2000 1 0.012024 -0.024048 -0.004008 0.006012 9.98
"X30" 1738 2014-12-31 09:37:24 0 sh600031 10.06 2000 1 0.037111 -0.016048 0.002006 0.002006 9.97
"X31.1" 1758 2015-01-05 14:55:02 1 sh600031 10.01 2000 1 0.012024 -0.024048 -0.004008 0.006012 9.98
"X32" 147 2014-07-21 10:00:22 0 sh600199 7.69 2600 1 0.019305 -0.023166 -0.009009 -0.009009 7.77
"X33" 152 2014-07-22 14:55:02 1 sh600199 7.66 2600 1 0.003891 -0.02594 -0.016861 -0.006485 7.71
"X34" 176 2014-07-25 10:26:20 0 sh600199 7.7 2600 1 0.040629 -0.010485 -0.001311 0.026212 7.63
"X36" 187 2014-07-28 09:47:52 1 sh600199 8.07 2600 1 0.03576 -0.006386 0.001277 0.014049 7.83
"X35" 186 2014-07-28 09:35:00 0 sh600199 7.93 2500 1 0.03576 -0.006386 0.001277 0.014049 7.83
"X37" 197 2014-07-29 10:08:41 1 sh600199 7.85 2500 1 0.010076 -0.013854 -0.001259 0 7.94
"X38" 403 2014-08-29 10:25:20 0 sh600199 9.23 2200 1 0.075908 -0.0033 0.0044 0.049505 9.09
"X39" 583 2014-09-22 14:55:03 1 sh600199 8.8 2200 1 -0.019376 -0.06028 -0.025834 -0.052745 9.29
"X40" 2004 2015-01-20 09:32:04 0 sh600199 10.4684 1900 1 0.051208 -0.002899 0 0.049275 10.35
"X41" 2045 2015-01-21 14:55:01 1 sh600199 10.99 1900 1 0.018416 -0.008287 0.004604 0.018416 10.86
"X42" 282 2014-08-11 09:54:00 0 sh600209 8.82 2300 1 0.026346 -0.002291 0.005727 0.017182 8.73
"X43" 292 2014-08-12 14:55:02 1 sh600209 8.85 2300 1 0.009009 -0.006757 0.006757 -0.001126 8.88
"X46" 570 2014-09-19 10:39:48 0 sh600209 9.69 2100 1 0.099576 -0.003178 0.001059 0.099576 9.44
"X47" 579 2014-09-22 09:31:33 1 sh600209 10.6314 2100 1 0.076108 0.004817 0.021195 0.039499 10.38
"X48" 743 2014-10-16 11:27:18 0 sh600209 11.03 1800 1 0.011786 -0.038078 -0.009973 -0.038078 11.03
"X50" 760 2014-10-17 14:55:02 1 sh600209 10.3572 1800 1 -0.000942 -0.038606 -0.016008 -0.024482 10.62
"X49" 758 2014-10-17 09:43:12 0 sh600209 10.46 1900 1 -0.000942 -0.038606 -0.016008 -0.024482 10.62
"X51" 784 2014-10-20 09:32:57 1 sh600209 10.39 1900 1 0.021236 -0.003861 0.008687 0.011583 10.36
"X52" 1083 2014-11-18 10:17:47 0 sh600209 10.68 1900 1 0.06167 -0.011385 -0.00759 0.028463 10.54
"X53" 1098 2014-11-19 10:17:57 1 sh600209 10.65 1900 1 0.005535 -0.02214 -0.00738 0 10.84
"X56" 2046 2015-01-21 11:21:57 0 sh600209 9.41 2100 1 0.031183 -0.001075 0.009677 0.024731 9.3
"X57" 2065 2015-01-22 14:55:03 1 sh600209 9.69 2100 1 0.023085 -0.011542 -0.002099 0.01574 9.53
"X58" 35 2014-06-09 10:23:10 0 sh600216 8.93 2200 1 0.004479 -0.008959 0.00112 0.00224 8.93
"X59" 48 2014-06-12 09:56:34 1 sh600216 8.95 2200 1 0 -0.015556 0 -0.01 9
"X60" 121 2014-07-15 10:22:25 0 sh600216 9.12 2200 1 0.046154 -0.004396 0 0.038462 9.1
"X61" 132 2014-07-16 10:20:15 1 sh600216 9.5 2200 1 0.010582 -0.012698 -0.012698 -0.007407 9.45
"X62" 165 2014-07-24 09:40:47 0 sh600216 9.57 2100 1 0.020063 -0.01056 0.015839 -0.007392 9.47
"X63" 175 2014-07-25 14:55:02 1 sh600216 9.39 2100 1 0.00852 -0.00639 -0.00426 0.001065 9.39
"X64" 195 2014-07-29 11:02:21 0 sh600216 9.58 2100 1 0.01574 -0.007345 0.001049 0.012592 9.53
"X65" 214 2014-07-30 10:55:39 1 sh600216 9.55 2100 1 0.00207 -0.014493 -0.008282 -0.001035 9.66
"X68" 550 2014-09-16 09:51:11 0 sh600216 10.68 1900 1 0.007491 -0.035581 0 -0.031835 10.68
"X69" 557 2014-09-17 14:55:04 1 sh600216 10.32 1900 1 0.005797 -0.014493 0.001932 -0.001932 10.35
"X70" 739 2014-10-16 10:09:31 0 sh600216 11.42 1800 1 0.059397 -0.010638 -0.007979 0.011525 11.28
"X71" 763 2014-10-17 14:55:03 1 sh600216 11.11 1800 1 -0.003506 -0.050833 -0.003506 -0.023663 11.41
"X72" 785 2014-10-20 09:32:01 0 sh600216 11.23 1800 1 0.036871 0.007194 0.007194 0.026978 11.12
"X73" 803 2014-10-21 10:17:12 1 sh600216 11.36 1800 1 0.008757 -0.028021 0.008757 -0.024518 11.42
"X74" 1790 2015-01-06 09:50:05 0 sh600216 11.35 1800 1 0.034884 -0.013417 -0.008945 0.026834 11.18
"X75" 1813 2015-01-07 14:55:04 1 sh600216 11.27 1800 1 -0.004359 -0.026155 -0.007847 -0.015693 11.47
"X77" 813 2014-10-22 10:15:08 0 sh600343 16.79 1200 1 0.027677 -0.016245 0.001805 0.00361 16.62
"X78" 831 2014-10-23 09:35:33 1 sh600343 16.54 1200 1 0.014997 -0.016197 -0.005399 6e-04 16.67
"X79" 884 2014-11-03 10:07:47 0 sh600343 17.29 1200 1 0.014637 -0.013466 -0.007026 -0.003513 17.08
"X80" 894 2014-11-04 09:35:29 1 sh600343 16.95 1200 1 0.003525 -0.042303 0.003525 -0.032315 17.02
"X81" 909 2014-11-05 10:40:21 0 sh600343 16.7 1200 1 0.018204 -0.009709 -0.00182 0.012136 16.48
"X82" 921 2014-11-06 09:35:59 1 sh600343 16.74 1200 1 0.009592 -0.013789 -0.002398 0.005396 16.68
"X83" 1169 2014-11-25 10:11:35 0 sh600343 16.29 1200 1 0.017813 -0.011057 -0.0043 0.015356 16.28
"X84" 1192 2014-11-26 14:55:02 1 sh600343 16.67 1200 1 0.016929 -0.01451 -0.003628 0.008464 16.54
"X85" 1330 2014-12-05 09:31:11 0 sh600343 17.85 1100 1 0.100114 -0.038902 0.021167 0.100114 17.48
"X87" 1690 2014-12-25 09:37:24 1 sh600343 18.62 1100 1 0.025586 -0.021322 -0.00533 0.010128 18.76
"X86" 1648 2014-12-24 09:35:57 0 sh600343 17.78 1100 1 0.093803 -0.014781 0.000569 0.067084 17.59
"X87.1" 1690 2014-12-25 09:37:24 1 sh600343 18.62 1100 1 0.025586 -0.021322 -0.00533 0.010128 18.76
"X88" 2103 2015-01-26 09:35:23 0 sh600343 19.767 1000 1 0.031298 -0.011288 0.009749 0.006157 19.49
"X89" 2127 2015-01-27 14:53:04 1 sh600343 19.7 1000 1 0.008159 -0.020398 0.004589 0.004589 19.61
"X90" 249 2014-08-05 10:45:18 0 sh600389 31.15 600 1 0.006435 -0.009009 0.000965 0.003218 31.08
"X91" 261 2014-08-06 14:55:04 1 sh600389 30.88 600 1 0 -0.012504 0 -0.007374 31.19
"X92" 331 2014-08-18 09:31:15 0 sh600389 32.88 600 1 0.013753 -0.009474 0 0.007641 999999.99
"X93" 347 2014-08-19 09:37:52 1 sh600389 32.74 600 1 -0.002426 -0.026084 -0.007886 -0.017895 32.97
"X94" 1003 2014-11-13 10:51:38 0 sh600389 30.2 700 1 0.018754 -0.008707 0.004689 0.005693 29.86
"X95" 1020 2014-11-14 09:39:43 1 sh600389 30.1 700 1 0.008994 -0.012325 -0.000666 -0.00433 30.02
"X96" 1214 2014-11-27 09:55:26 0 sh600389 30.72 700 1 0.036903 0.000988 0.000988 0.01944 30.35
"X97" 1231 2014-11-28 09:45:19 1 sh600389 30.7 700 1 0.010013 -0.02584 0.010013 -0.009367 30.96
"X98" 1282 2014-12-03 11:06:13 0 sh600389 30.44 700 1 0.005239 -0.013752 0.003602 -0.003274 30.54
"X99" 1307 2014-12-04 09:35:19 1 sh600389 30.27 700 1 0.010845 -0.005258 0.001314 0.008544 30.43
"X100" 1481 2014-12-15 09:47:28 0 sh600389 30.5886 700 1 0.016921 -0.00564 -0.004645 0.008958 30.14
"X101" 1503 2014-12-16 10:46:19 1 sh600389 30.12 700 1 0.000987 -0.018421 0.000987 -0.011184 30.4
"X102" 463 2014-09-04 10:23:56 0 sh600391 20.92 1000 1 0.028598 -0.029536 -0.017815 -0.020628 21.33
"X103" 472 2014-09-05 14:55:03 1 sh600391 20.63 1000 1 -0.006702 -0.037817 -0.013882 -0.011489 20.89
"X104" 497 2014-09-10 09:48:16 0 sh600391 20.68 1000 1 0.065707 -0.02494 -0.013909 0.032134 20.85
"X105" 506 2014-09-11 10:06:41 1 sh600391 21.76 1000 1 0.015792 -0.0353 -0.009754 -0.005109 21.53
"X106" 524 2014-09-12 09:36:26 0 sh600391 21.5 900 1 0.021485 -0.018683 -0.007006 0.019617 21.41
"X107" 532 2014-09-15 09:39:42 1 sh600391 22.34 900 1 0.028873 -0.016957 -0.001375 -0.007791 21.82
"X108" 562 2014-09-18 10:13:57 0 sh600391 20.299 1000 1 -0.001469 -0.024486 -0.011753 -0.009305 20.42
"X109" 571 2014-09-19 13:48:28 1 sh600391 20.67 1000 1 0.036085 -0.004943 -0.004943 0.026199 20.23
"X110" 594 2014-09-23 09:30:08 0 sh600391 21.45 900 1 0.099813 0.004686 0.005155 0.099813 21.34
"X112" 611 2014-09-24 09:34:01 1 sh600391 24.1 900 1 0.100128 0.002556 0.01193 0.081807 23.47
"X111" 610 2014-09-24 09:30:09 0 sh600391 23.68 800 1 0.100128 0.002556 0.01193 0.081807 23.47
"X113" 645 2014-10-08 14:55:02 1 sh600391 24.96 800 1 -0.009464 -0.021293 -0.018533 -0.013013 25.36
"X114" 858 2014-10-29 09:59:48 0 sh600391 27.1 700 1 0.01655 -0.023538 -0.013608 -0.008459 27.19
"X115" 867 2014-10-30 09:33:15 1 sh600391 26.83 700 1 0.010386 -0.033383 -0.005935 -0.021513 26.96
"X116" 1132 2014-11-21 10:15:55 0 sh600391 23.585 800 1 0.004244 -0.015705 -0.004669 -0.006367 23.56
"X117" 1146 2014-11-24 09:35:37 1 sh600391 23.5 800 1 0.035028 -0.010679 0.007262 0.016232 23.41
"X118" 1171 2014-11-25 09:42:36 0 sh600391 24.05 800 1 0.020168 -0.006723 -0.004202 0.012185 23.8
"X119" 1197 2014-11-26 09:34:34 1 sh600391 24.49 800 1 0.100042 0.002491 0.010793 0.100042 24.09
"X120" 1311 2014-12-04 09:42:48 0 sh600410 27.21 700 1 0.021941 -0.012644 -0.012644 0.000372 26.89
"X121" 1328 2014-12-05 09:35:03 1 sh600410 26.55 700 1 0.09922 -0.033816 -0.004459 0.072835 26.91
"X122" 1329 2014-12-05 09:40:39 0 sh600410 26.37 800 1 0.09922 -0.033816 -0.004459 0.072835 26.91
"X124" 1398 2014-12-10 14:57:21 1 sh600410 24.03 800 1 -0.004005 -0.10012 -0.059271 -0.036043 24.97
"X123" 1359 2014-12-09 09:33:20 0 sh600410 26.55 800 1 -0.015862 -0.099856 -0.015862 -0.099856 27.74
"X124.1" 1398 2014-12-10 14:57:21 1 sh600410 24.03 800 1 -0.004005 -0.10012 -0.059271 -0.036043 24.97
"X125" 1578 2014-12-22 09:30:38 0 sh600425 6.75 3000 1 0.039098 -0.028571 0.010526 -0.010526 6.65
"X127" 1641 2014-12-24 09:30:51 1 sh600425 6.36 6000 1 0.015848 -0.028526 0.001585 -0.00317 6.31
"X128" 1692 2014-12-25 10:10:17 0 sh600425 6.39 3100 1 0.033439 0 0.004777 0.025478 6.28
"X129" 1708 2014-12-29 10:23:31 1 sh600425 6.7 3100 1 0.034586 -0.01203 0 0.033083 6.65
"X130" 1763 2015-01-05 10:03:07 0 sh600425 7.05 2800 1 0.027576 -0.013062 0 0.001451 6.89
"X131" 1788 2015-01-06 09:39:38 1 sh600425 6.85 2800 1 -0.004348 -0.036232 -0.017391 -0.026087 6.9
"X132" 1896 2015-01-13 09:34:56 0 sh600425 6.72 3000 1 0.042105 -0.003008 0.016541 0.006015 6.65
"X133" 1919 2015-01-14 14:28:41 1 sh600425 6.56 3000 1 -0.001497 -0.026946 -0.011976 -0.019461 6.68
"X134" 293 2014-08-12 09:32:38 0 sh600435 23.4311 900 1 0.00766 -0.02766 -0.006383 -0.017872 23.5
"X135" 299 2014-08-13 09:41:23 1 sh600435 22.8 900 1 0.005199 -0.039428 -0.011698 -0.018198 23.08
"X136" 410 2014-09-01 09:30:07 0 sh600435 21.56 900 1 0.063679 0.015566 0.015566 0.051887 21.2
"X137" 426 2014-09-02 13:36:14 1 sh600435 23.11 900 1 0.043498 -0.011659 0.008969 0.026457 22.3
"X138" 459 2014-09-04 10:07:11 0 sh600435 22.95 900 1 0.097508 -0.007433 -0.003061 0.080892 22.87
"X139" 469 2014-09-05 14:55:04 1 sh600435 24.28 900 1 -0.003641 -0.032767 -0.012945 -0.017395 24.72
"X140" 596 2014-09-23 09:58:39 0 sh600435 24.56 800 1 0.052719 -0.00083 -0.00083 0.028643 24.09
"X141" 614 2014-09-24 09:39:24 1 sh600435 25.11 800 1 0.023002 -0.007264 0 0.008475 24.78
"X142" 1479 2014-12-15 09:51:26 0 sh600435 27.38 700 1 0.014412 -0.062454 -0.05765 -0.012565 27.06
"X143" 1506 2014-12-16 10:18:56 1 sh600435 27.3071 700 1 0.040045 -0.007859 -0.000749 0.015344 26.72
"X144" 1650 2014-12-24 09:46:17 0 sh600435 24.4 800 1 0.024502 -0.002076 0.003738 0.018272 24.08
"X145" 1691 2014-12-25 09:57:28 1 sh600435 24.76 800 1 0.015912 -0.003264 -0.001224 0.012648 24.51
"X146" 1914 2015-01-14 09:30:12 0 sh600435 23.3967 900 1 0.021888 -0.012876 0.003004 0.003004 23.3
"X147" 1934 2015-01-15 14:55:04 1 sh600435 23.37 900 1 0.004707 -0.014976 -0.002995 0.001284 23.37
"X148" 519 2014-09-12 09:31:45 0 sh600501 15.42 1300 1 0.014916 -0.005837 0.001946 0.011673 15.42
"X149" 536 2014-09-15 09:32:17 1 sh600501 15.53 1300 1 0.019231 -0.016026 -0.000641 -0.00641 15.6
"X150" 548 2014-09-16 10:59:30 0 sh600501 15.02 1300 1 -0.003871 -0.059355 -0.004516 -0.056774 15.5
"X151" 558 2014-09-17 09:34:05 1 sh600501 14.68 1300 1 0.011636 -0.013689 0.00616 0.009582 14.61
"X152" 630 2014-09-25 10:00:00 0 sh600501 15.8 1300 1 0.050674 -0.005131 0.002566 0.028865 15.59
"X153" 643 2014-09-26 09:35:01 1 sh600501 15.99 1300 1 -0.000624 -0.031192 -0.014348 -0.012477 16.03
"X154" 665 2014-10-10 09:50:29 0 sh600501 15.44 1300 1 0.015257 -0.029879 -0.015893 -0.000636 15.73
"X155" 683 2014-10-13 09:49:37 1 sh600501 15.7 1300 1 0.029262 -0.008906 -0.002545 0.021628 15.72
"X156" 684 2014-10-13 10:34:57 0 sh600501 15.87 1300 1 0.029262 -0.008906 -0.002545 0.021628 15.72
"X158" 709 2014-10-14 10:50:05 1 sh600501 16.16 1300 1 0.012461 -0.031153 -0.007477 -0.021807 16.05
"X157" 707 2014-10-14 09:49:17 0 sh600501 15.99 1300 1 0.012461 -0.031153 -0.007477 -0.021807 16.05
"X159" 727 2014-10-15 10:05:27 1 sh600501 15.3869 1300 1 -0.000637 -0.034417 -0.000637 -0.024219 15.69
"X160" 741 2014-10-16 10:00:03 0 sh600501 15.36 1300 1 0.005882 -0.036601 -0.00719 -0.035948 15.3
"X161" 764 2014-10-17 14:55:04 1 sh600501 14.59 1300 1 0.003392 -0.035957 -0.004071 -0.010855 14.74
"X162" 1543 2014-12-18 09:58:07 0 sh600501 15.4946 1300 1 0.067797 -0.009126 -0.000652 0.030639 15.34
"X163" 1560 2014-12-19 09:36:00 1 sh600501 15.5 1300 1 -0.014548 -0.059456 -0.018343 -0.032891 15.81
"X168" 2006 2015-01-20 09:37:43 0 sh600501 13.5137 1500 1 0.035127 0.005232 0.020179 0.033632 13.38
"X169" 2044 2015-01-21 14:55:04 1 sh600501 14.12 1500 1 0.023844 -0.001445 0.00578 0.020954 13.84
"X170" 2130 2015-01-27 09:39:49 0 sh600501 14.78 1400 1 0.016327 -0.006803 0.003401 0.009524 14.7
"X171" 2149 2015-01-28 11:23:07 1 sh600501 14.6 1400 1 -0.004043 -0.022237 -0.004043 -0.020216 14.84
"X172" 199 2014-07-29 09:35:31 0 sh600596 8.86 2300 1 0.026077 0 0.003401 0.026077 8.82
"X173" 212 2014-07-30 09:45:31 1 sh600596 9.08 2300 1 0.009956 -0.014381 0.007743 -0.001106 9.04
"X174" 319 2014-08-15 09:36:59 0 sh600596 9.5514 2100 1 0.099893 0.01826 0.020408 0.099893 9.31
"X175" 332 2014-08-18 09:33:24 1 sh600596 10.59 2100 1 0.067383 0.022461 0.03125 0.050781 10.24
"X176" 625 2014-09-25 10:10:14 0 sh600596 10.24 2000 1 0.071076 0.002962 0.009872 0.046397 10.13
"X177" 642 2014-09-26 09:35:03 1 sh600596 10.5 2000 1 -0.003777 -0.022663 -0.017941 -0.016997 10.59
"X178" 481 2014-09-09 09:39:38 0 sh600597 17.57 1100 1 0.013264 -0.012687 -0.001153 -0.008074 17.34
"X179" 495 2014-09-10 09:33:11 1 sh600597 17.15 1100 1 0.00349 -0.018034 0.001745 -0.013962 17.19
"X180" 950 2014-11-10 10:13:34 0 sh600597 15.34 1300 1 0.03628 -0.00066 0.006596 0.032982 15.16
"X181" 966 2014-11-11 09:34:26 1 sh600597 15.68 1300 1 0.016603 -0.015964 0.003193 -0.006386 15.66
"X182" 1023 2014-11-14 10:24:35 0 sh600597 16.14 1200 1 0.033291 -0.006281 -0.005025 0.030779 15.92
"X184" 1054 2014-11-17 10:00:25 1 sh600597 16.12 1200 1 0.015834 -0.023752 0.012789 -0.022533 16.42
"X183" 1053 2014-11-17 09:30:15 0 sh600597 16.65 1200 1 0.015834 -0.023752 0.012789 -0.022533 16.42
"X185" 1078 2014-11-18 09:37:59 1 sh600597 16.06 1200 1 0.006231 -0.043614 -0.001869 -0.038629 16.05
"X186" 1129 2014-11-21 10:36:43 0 sh600597 15.38 1300 1 0.014379 -0.000654 0.002614 0.00915 15.3
"X187" 1145 2014-11-24 09:43:50 1 sh600597 15.36 1300 1 0.016839 -0.005181 0.005181 0.010363 15.44
"X188" 1285 2014-12-03 09:49:29 0 sh600597 16.4783 1200 1 0.011036 -0.014715 0.002452 -0.004292 16.31
"X190" 1310 2014-12-04 09:35:07 1 sh600597 16.26 1200 1 0.012931 -0.004926 0.008005 0.007389 16.24
"X191" 1709 2014-12-29 10:04:27 0 sh600597 17.055 2400 1 0.049112 0 0.00355 0.039645 16.9
"X193" 1817 2015-01-07 10:20:30 1 sh600597 18.13 1100 1 -0.005441 -0.025571 -0.005441 -0.01741 18.38
"X192" 1792 2015-01-06 09:43:16 0 sh600597 18.22 1100 1 0.031509 -0.010503 -0.007739 0.016031 18.09
"X193.1" 1817 2015-01-07 10:20:30 1 sh600597 18.13 1100 1 -0.005441 -0.025571 -0.005441 -0.01741 18.38
"X194" 1811 2015-01-07 09:34:15 0 sh600633 18.91 1100 1 0.0074 -0.036998 -0.011099 -0.023784 18.92
"X195" 1832 2015-01-08 09:34:49 1 sh600633 18.5136 1100 1 0.008121 -0.012994 0.000541 -0.009746 18.47
"X196" 1867 2015-01-12 09:47:09 0 sh600633 18.35 1100 1 0.014294 -0.019791 -0.005498 -0.014843 18.19
"X197" 1889 2015-01-13 09:42:50 1 sh600633 18.2 1100 1 0.042411 0.00279 0.008371 0.029576 17.92
"X198" 678 2014-10-13 09:43:54 0 sh600639 13.0413 1500 1 0.024615 -0.009231 -0.006923 0.018462 13
"X199" 701 2014-10-14 14:55:03 1 sh600639 12.92 1500 1 0.00907 -0.028723 0.000756 -0.022676 13.23
"X200" 933 2014-11-07 11:08:18 0 sh600639 13.42 1500 1 0.020408 -0.017385 0.000756 -0.013605 13.23
"X201" 944 2014-11-10 09:35:13 1 sh600639 13.1 1500 1 0.026799 -0.006126 0.003063 0.014548 13.06
"X202" 949 2014-11-10 10:26:13 0 sh600639 13.23 1500 1 0.026799 -0.006126 0.003063 0.014548 13.06
"X204" 968 2014-11-11 10:27:15 1 sh600639 13.21 1500 1 0.024887 -0.04902 0.006033 -0.033183 13.26
"X203" 967 2014-11-11 09:33:11 0 sh600639 13.41 1500 1 0.024887 -0.04902 0.006033 -0.033183 13.26
"X205" 981 2014-11-12 09:39:32 1 sh600639 12.91 1500 1 0.099844 -0.00702 -0.00156 0.099844 12.82
"X206" 982 2014-11-12 09:43:40 0 sh600639 12.9 1600 1 0.099844 -0.00702 -0.00156 0.099844 12.82
"X207" 1004 2014-11-13 09:30:19 1 sh600639 14.67 1600 1 0.09078 0.019858 0.050355 0.026241 14.1
"X208" 1080 2014-11-18 10:05:02 0 sh600639 14.74 1400 1 0.004079 -0.032631 -0.018355 -0.022434 14.71
"X209" 1099 2014-11-19 09:35:24 1 sh600639 14.3843 1400 1 0.009743 -0.01531 -0.005567 -0.010438 14.37
"X210" 1130 2014-11-21 09:55:57 0 sh600639 14.53 1400 1 0.023013 -0.001395 0.002092 0.014644 14.34
"X211" 1149 2014-11-24 09:30:26 1 sh600639 15.1357 1400 1 0.053571 0.010989 0.033654 0.043269 14.56
"X212" 1482 2014-12-15 09:44:07 0 sh600639 16.9833 1200 1 0.036621 -0.012995 0.012995 0.036031 16.93
"X213" 1508 2014-12-16 09:31:21 1 sh600639 17.65 1200 1 0.072976 -0.004561 0.00171 0.053592 17.54
"X214" 1562 2014-12-19 09:58:12 0 sh600639 20.3 1000 1 0.099804 -0.018102 -0.011742 0.055773 20.44
"X215" 1577 2014-12-22 09:41:35 1 sh600639 21.99 1000 1 0.025023 -0.095922 -0.022243 -0.072289 21.58
"X216" 1786 2015-01-06 09:47:12 0 sh600639 23 900 1 -0.006788 -0.053882 -0.032669 -0.030547 23.57
"X217" 1815 2015-01-07 09:38:38 1 sh600639 22.9244 900 1 0.034151 -0.008319 -0.008319 0.024956 22.84
"X218" 2067 2015-01-22 09:30:22 0 sh600648 31.49 600 1 0.022611 0 0.001592 0.003822 31.4
"X219" 2085 2015-01-23 10:31:35 1 sh600648 31.4517 600 1 0.011742 -0.007934 0.01079 -0.005395 31.51
"X220" 471 2014-09-05 10:18:59 0 sh600663 17.88 1100 1 0.037844 -0.00344 0.00344 0.020642 17.44
"X221" 498 2014-09-10 14:43:33 1 sh600663 17.7036 1100 1 -0.003371 -0.014607 -0.003371 -0.006742 17.8
"X222" 546 2014-09-16 09:38:16 0 sh600663 18.29 1100 1 0.074693 0.004459 0.014493 0.012263 17.94
"X223" 556 2014-09-17 09:38:43 1 sh600663 18.13 1100 1 0.018182 -0.025344 0.018182 0.003857 18.15
"X224" 1025 2014-11-14 10:00:12 0 sh600663 27.6 700 1 0.086973 -0.022576 -0.018505 0.009623 27.02
"X225" 1055 2014-11-17 09:31:11 1 sh600663 26.97 700 1 0.10011 -0.046571 -0.002567 0.074441 27.27
"X226" 1166 2014-11-25 09:40:01 0 sh600663 32.34 300 1 0.095445 -0.016734 -0.014565 0.031608 32.27
"X227" 1193 2014-11-26 09:33:57 1 sh600663 33.09 300 1 0.021027 -0.020427 -0.009913 0.010814 33.29
"X228" 1238 2014-11-28 09:54:55 0 sh600663 33.57 600 1 0.05454 -0.011687 -0.00899 -0.008091 33.37
"X231" 1291 2014-12-03 10:16:22 1 sh600663 30.61 700 1 0.020519 -0.019237 0.001282 0.009939 31.19
"X229" 1267 2014-12-02 09:36:55 0 sh600663 30.62 700 1 0.040368 -0.013456 -0.013456 0.02363 30.47
"X231.1" 1291 2014-12-03 10:16:22 1 sh600663 30.61 700 1 0.020519 -0.019237 0.001282 0.009939 31.19
"X230" 1290 2014-12-03 09:48:58 0 sh600663 31.75 600 1 0.020519 -0.019237 0.001282 0.009939 31.19
"X232" 1308 2014-12-04 09:35:23 1 sh600663 31.08 600 1 0.045094 -0.015243 -0.009209 0.042236 31.49
"X233" 1341 2014-12-08 10:57:53 0 sh600663 31.98 600 1 0.042949 0.016026 0.029167 0.032051 31.2
"X234" 1361 2014-12-09 09:34:00 1 sh600663 31.65 600 1 0.067744 -0.047545 -0.021131 0.006837 32.18
"X235" 1509 2014-12-16 10:09:54 0 sh600663 35.41 600 1 -0.002212 -0.03208 -0.009679 -0.014657 36.16
"X237" 1529 2014-12-17 09:56:41 1 sh600663 36.72 600 1 0.035334 -0.015984 -0.001122 0.001963 35.66
"X236" 1525 2014-12-17 09:30:54 0 sh600663 35.73 600 1 0.035334 -0.015984 -0.001122 0.001963 35.66
"X238" 1539 2014-12-18 09:31:27 1 sh600663 35.32 600 1 0.029107 -0.012035 -0.011755 0.007557 35.73
"X239" 1540 2014-12-18 10:26:38 0 sh600663 36.13 600 1 0.029107 -0.012035 -0.011755 0.007557 35.73
"X240" 1561 2014-12-19 09:31:22 1 sh600663 35.76 600 1 0.086413 -0.013615 -0.013615 0.055293 35.99
"X241" 1698 2014-12-26 09:30:13 0 sh600663 35.1692 1200 1 0.100058 -0.001725 0.004888 0.083956 34.78
"X242" 1706 2014-12-29 09:38:15 1 sh600663 39.99 1200 1 0.032609 -0.027041 0.02333 -0.018558 37.72
"X243" 1729 2014-12-31 09:47:19 0 sh600663 36.18 600 1 0.053552 -0.006659 0.007214 0.040788 36.04
"X244" 1757 2015-01-05 14:55:02 1 sh600663 37.5 600 1 0.023467 -0.016 -0.0064 -0.000267 37.5
"X245" 1933 2015-01-15 09:35:11 0 sh600663 34.2 600 1 0.027671 -0.002061 -0.001178 0.020606 33.97
"X247" 1953 2015-01-16 10:52:37 1 sh600663 34.79 600 1 0.021338 -0.00519 0.00346 0.018454 34.68
"X250" 510 2014-09-11 10:03:42 0 sh600756 27.3 700 1 0.016605 -0.00738 0.006273 0.011439 27.1
"X251" 520 2014-09-12 11:25:23 1 sh600756 27.29 700 1 0.013494 -0.01787 -0.000729 0.000729 27.42
"X252" 679 2014-10-13 11:09:24 0 sh600756 25.8 800 1 -0.012835 -0.03926 -0.014723 -0.02567 26.49
"X253" 708 2014-10-14 09:56:05 1 sh600756 26.11 800 1 0.018605 -0.007364 0.002326 -0.000388 25.8
"X254" 710 2014-10-14 11:19:33 0 sh600756 25.94 800 1 0.018605 -0.007364 0.002326 -0.000388 25.8
"X255" 724 2014-10-15 09:32:06 1 sh600756 25.72 800 1 0.006979 -0.019387 0.002326 -0.006204 25.79
"X256" 765 2014-10-17 09:53:53 0 sh600756 25.06 800 1 0.003987 -0.038676 -0.002392 -0.019139 25.08
"X258" 781 2014-10-20 09:40:29 1 sh600756 25.2038 800 1 0.050772 0.007311 0.007311 0.036556 24.62
"X257" 780 2014-10-20 09:31:52 0 sh600756 24.915 800 1 0.050772 0.007311 0.007311 0.036556 24.62
"X259" 805 2014-10-21 09:30:21 1 sh600756 25.31 800 1 -0.005486 -0.032915 -0.008229 -0.03174 25.52
"X260" 829 2014-10-23 10:38:37 0 sh600756 24.62 800 1 0 -0.025713 -0.007634 -0.023704 24.89
"X261" 846 2014-10-24 11:29:04 1 sh600756 24.3738 800 1 0.008646 -0.007822 0.005764 -0.006999 24.29
"X265" 427 2014-09-02 09:33:03 0 sh600789 6.3 3200 1 0.08147 0 0.004792 0.049521 6.26
"X266" 446 2014-09-03 10:05:56 1 sh600789 6.54 3200 1 -0.00152 -0.024316 -0.024316 -0.00152 6.58
"X267" 507 2014-09-11 09:40:49 0 sh600789 6.68 3000 1 0.02719 -0.009063 0.001511 0.007553 6.62
"X268" 522 2014-09-12 09:31:21 1 sh600789 6.58 3000 1 -0.004498 -0.01949 -0.010495 -0.004498 6.67
"X269" 627 2014-09-25 09:34:49 0 sh600789 7.29 2700 1 0.03352 -0.015363 0.02514 0 7.16
"X270" 639 2014-09-26 09:35:01 1 sh600789 7.12 2700 1 0.025175 -0.026573 -0.006993 0.005594 7.15
"X271" 870 2014-10-30 09:39:11 0 sh600789 9.99 2000 1 0.026946 -0.031936 -0.013972 -0.023952 10.02
"X272" 880 2014-10-31 09:35:14 1 sh600789 9.55 2000 1 -0.011247 -0.052147 -0.022495 -0.035787 9.78
"X275" 222 2014-07-31 10:43:38 0 sh600809 16.01 1300 1 0.021944 -0.004389 -0.003762 0.016301 15.95
"X276" 228 2014-08-01 14:55:01 1 sh600809 15.86 1300 1 0.006786 -0.024676 -0.002468 -0.020358 16.21
"X277" 301 2014-08-13 09:46:02 0 sh600809 16.13 1200 1 0.035692 -0.006262 -0.004383 0.02943 15.97
"X278" 305 2014-08-14 14:55:02 1 sh600809 15.9746 1200 1 0.015825 -0.027998 -0.001826 -0.026172 16.43
"X281" 398 2014-08-28 10:16:08 0 sh600809 15.55 1300 1 0.010376 -0.014267 -0.003891 0.001297 15.42
"X282" 402 2014-08-29 10:30:23 1 sh600809 15.82 1300 1 0.034194 -0.002581 0.00129 0.020645 15.5
"X283" 1816 2015-01-07 09:53:16 0 sh600809 25.56 800 1 0.013033 -0.040284 -0.011058 -0.026461 25.32
"X284" 1830 2015-01-08 13:09:38 1 sh600809 24.865 800 1 0.034091 -0.013393 -0.002435 0.008523 24.64
"X285" 2151 2015-01-28 09:42:59 0 sh600837 21.19 900 1 0.026066 -0.020853 -0.01327 -0.008057 21.1
"X286" 2167 2015-01-29 14:53:02 1 sh600837 20.14 900 1 -0.012428 -0.038719 -0.030115 -0.033939 20.92
"X287" 2101 2015-01-26 09:33:29 0 sh600875 22.36 900 1 0.052041 -0.010319 0.004935 0.029161 22.29
"X288" 2129 2015-01-27 09:54:39 1 sh600875 23.51 900 1 0.031386 -0.022668 0.009154 0.019616 22.94
"X290" 1309 2014-12-04 09:52:09 0 sh600879 14.46 1400 1 0.034626 -0.00554 0.001385 0.033934 14.44
"X291" 1331 2014-12-05 09:35:10 1 sh600879 15.39 1400 1 0.091092 -0.03282 0.024782 0.083724 14.93
"X292" 1793 2015-01-06 10:06:02 0 sh600879 15.77 1300 1 0.05 -0.016026 -0.007051 0.036538 15.6
"X293" 1810 2015-01-07 14:55:03 1 sh600879 15.78 1300 1 -0.00618 -0.027194 -0.012979 -0.024104 16.18
"X296" 483 2014-09-09 09:30:15 0 sh600880 12.64 1600 1 0.065653 -0.003203 0.011209 0.055244 12.49
"X297" 581 2014-09-22 14:55:02 1 sh600880 12.54 1600 1 -0.001524 -0.04497 -0.001524 -0.043445 13.12
"X298" 1101 2014-11-19 09:32:17 0 sh600880 11.49 1700 1 0.030142 0.013298 0.014184 0.018617 11.28
"X299" 1116 2014-11-20 09:35:35 1 sh600880 11.43 1700 1 -0.001741 -0.013055 -0.007833 -0.011314 11.49
"X300" 1237 2014-11-28 11:24:52 0 sh600880 11.95 1700 1 0.028014 -0.011885 -0.002547 0.008489 11.78
"X302" 1686 2014-12-25 14:55:02 1 sh600880 11.33 1800 1 0.001751 -0.018389 -0.004378 -0.005254 11.42
"X301" 1640 2014-12-24 09:51:02 0 sh600880 11.3583 1800 1 0.020554 0 0.008937 0.020554 11.19
"X302.1" 1686 2014-12-25 14:55:02 1 sh600880 11.33 1800 1 0.001751 -0.018389 -0.004378 -0.005254 11.42
"X305" 2064 2015-01-22 09:40:46 0 sh600880 12.08 1700 1 0.010824 -0.010824 -0.000833 0.007494 12.01
"X306" 2080 2015-01-23 09:31:22 1 sh600880 12.04 1700 1 -0.000826 -0.031379 -0.000826 -0.026424 12.11
"X308" 789 2014-10-20 10:07:12 0 sh600884 18.2 1100 1 0.015934 -0.01044 -0.008242 0.006593 18.2
"X309" 804 2014-10-21 10:06:12 1 sh600884 18.1964 1100 1 0.002731 -0.027307 -0.004369 -0.016931 18.31
"X310" 825 2014-10-23 09:46:03 0 sh600884 17.93 1100 1 0.028137 0 0.001688 0.02251 17.77
"X312" 845 2014-10-24 14:55:03 1 sh600884 18.05 1100 1 0.005504 -0.007155 0.004403 -0.006604 18.17
"X311" 844 2014-10-24 10:45:47 0 sh600884 18.2327 1100 1 0.005504 -0.007155 0.004403 -0.006604 18.17
"X313" 855 2014-10-29 09:42:21 1 sh600884 18.75 1100 1 0.031737 -0.004841 0.003765 0.029586 18.59
"X314" 1058 2014-11-17 10:08:08 0 sh600884 17.18 1200 1 0.009901 -0.013395 0.001747 -0.001747 17.17
"X315" 1075 2014-11-18 09:43:59 1 sh600884 17.19 1200 1 0.009335 -0.005251 -0.004084 -0.001167 17.14
"X317" 444 2014-09-03 09:46:10 0 sh600887 26.57 800 1 0.021837 -0.009789 -0.00113 0.018072 26.56
"X318" 460 2014-09-04 14:55:02 1 sh600887 27.08 800 1 0.005549 -0.010359 0.00259 0.00148 27.03
"X319" 1845 2015-01-09 10:17:26 0 sh600887 28.67 700 1 0.017109 -0.019553 0.001047 -0.017109 28.64
"X320" 1869 2015-01-12 09:35:45 1 sh600887 28.2 700 1 0.015275 -0.012789 -0.005329 0.00071 28.15
"X321" 1217 2014-11-27 09:35:41 0 sh600999 17.4355 1100 1 0.06523 -0.02439 -0.007374 0.050482 17.63
"X323" 1235 2014-11-28 14:55:02 1 sh600999 18.22 1100 1 0.018868 -0.044744 -0.012938 -0.022102 18.55
"X325" 1846 2015-01-09 10:15:13 0 sh601168 9.48 2100 1 0.023305 -0.019068 -0.010593 -0.016949 9.44
"X326" 1866 2015-01-12 10:28:46 1 sh601168 9.01 2100 1 -0.012945 -0.052859 -0.012945 -0.04315 9.27
"X327" 960 2014-11-11 09:31:50 0 sh601377 8.38 2400 1 0.080097 -0.021845 0.006068 0.042476 8.24
"X328" 986 2014-11-12 09:37:47 1 sh601377 8.32 2400 1 0.018626 -0.039581 -0.024447 0.016298 8.59
"X329" 987 2014-11-12 10:46:14 0 sh601377 8.53 2300 1 0.018626 -0.039581 -0.024447 0.016298 8.59
"X331" 1009 2014-11-13 10:55:25 1 sh601377 8.89 2300 1 0.025229 -0.030963 -0.011468 -0.030963 8.72
"X330" 1008 2014-11-13 10:20:13 0 sh601377 8.76 2300 1 0.025229 -0.030963 -0.011468 -0.030963 8.72
"X332" 1021 2014-11-14 09:35:05 1 sh601377 8.33 2300 1 -0.007092 -0.039007 -0.023641 -0.021277 8.46
"X333" 3 2014-05-21 10:41:58 0 sh601519 7.13 2800 1 0.008415 -0.021038 -0.001403 0.008415 7.13
"X334" 8 2014-05-22 09:43:59 1 sh601519 7.17 2800 1 0.005571 -0.026462 -0.004178 -0.02507 7.18
"X335" 58 2014-06-16 10:08:39 0 sh601519 6.15 3300 1 0.00471 -0.045526 -0.009419 -0.00157 6.37
"X336" 62 2014-06-17 14:52:03 1 sh601519 6.19 3300 1 -0.009419 -0.029827 -0.009419 -0.025118 6.37
"X337" 106 2014-07-11 09:33:09 0 sh601519 5.99 3300 1 0.040067 -0.005008 -0.001669 0.013356 5.99
"X339" 115 2014-07-14 14:55:03 1 sh601519 6.09 3300 1 0.004942 -0.009885 0.003295 0.004942 6.07
"X338" 114 2014-07-14 09:30:07 0 sh601519 6.1 3300 1 0.004942 -0.009885 0.003295 0.004942 6.07
"X340" 124 2014-07-15 09:53:17 1 sh601519 6.08 3300 1 0.003279 -0.009836 0 -0.004918 6.1
"X341" 1831 2015-01-08 09:32:56 0 sh601601 31.58 600 1 0.014089 -0.044508 0.010247 -0.038745 31.23
"X342" 1843 2015-01-09 09:32:38 1 sh601601 30.09 600 1 0.0999 -0.005994 0.003663 0.030636 30.03
"X343" 1844 2015-01-09 09:57:24 0 sh601601 30.13 700 1 0.0999 -0.005994 0.003663 0.030636 30.03
"X344" 1871 2015-01-12 09:35:37 1 sh601601 31.1 700 1 0.029107 -0.036223 -0.003881 0.007439 30.92
"X345" 1958 2015-01-16 10:17:15 0 sh601601 34.01 600 1 0.043219 -0.021162 -0.000894 0.005365 33.55
"X346" 2084 2015-01-23 13:29:47 1 sh601601 36.25 600 1 0.10006 0.000597 0.021804 0.090203 33.48
"X347" 2126 2015-01-27 09:34:13 0 sh601601 37.51 500 1 0.02408 -0.058442 0.01434 -0.016775 36.96
"X348" 2148 2015-01-28 14:53:02 1 sh601601 34.79 500 1 -0.018442 -0.049546 -0.028351 -0.04294 36.33
"X349" 1872 2015-01-12 09:59:53 0 sh601628 34.1 600 1 0.02863 -0.040437 -0.021251 0.02804 33.88
"X350" 1890 2015-01-13 14:55:03 1 sh601628 33.85 600 1 0.003446 -0.037909 -0.010339 -0.021252 34.82
"X351" 2083 2015-01-23 09:33:37 0 sh601628 39.79 500 1 0.075452 -0.021157 0.018353 0.019883 39.23
"X352" 2107 2015-01-26 14:53:04 1 sh601628 39.55 500 1 0.000994 -0.035785 -0.017147 -0.015408 40.24
"X354" 1306 2014-12-04 09:39:48 0 sh601788 23.16 900 1 0.099871 -0.022815 -0.018511 0.099871 23.23
"X355" 1333 2014-12-05 09:30:56 1 sh601788 27.3 900 1 0.100196 -0.001957 0.064579 0.100196 25.55
"X356" 1365 2014-12-09 09:33:56 0 sh601788 31.22 600 1 0.099968 -0.099968 -0.005176 -0.084439 30.91
"X358" 1405 2014-12-10 09:32:31 1 sh601788 29.3 600 1 0.04713 -0.098512 0.002835 -0.036145 28.22
"X357" 1404 2014-12-10 09:30:47 0 sh601788 28.97 700 1 0.04713 -0.098512 0.002835 -0.036145 28.22
"X359" 1442 2014-12-11 14:55:04 1 sh601788 25.08 700 1 -0.004405 -0.080029 -0.056535 -0.07746 27.24
"X360" 1461 2014-12-12 09:37:09 0 sh601788 25.45 800 1 0.079125 -0.010736 -0.010736 0.0167 25.15
"X361" 1484 2014-12-15 09:31:38 1 sh601788 25.17 800 1 0.016028 -0.040266 -0.012901 0.009773 25.58
"X362" 1528 2014-12-17 09:31:43 0 sh601788 29 700 1 0.059775 -0.057665 0.040084 0.000352 28.44
"X363" 1546 2014-12-18 14:55:01 1 sh601788 25.71 700 1 -0.02319 -0.096978 -0.044273 -0.090302 28.46
"X364" 1760 2015-01-05 10:32:04 0 sh601788 27.7 700 1 0.002102 -0.050456 0.002102 -0.023826 28.54
"X365" 1791 2015-01-06 09:31:23 1 sh601788 27.4129 700 1 0.010776 -0.048132 -0.015805 -0.024425 27.84
"X366" 44 2014-06-11 10:08:09 0 sh601801 12.87 1600 1 0.022656 -0.004688 -0.001563 0 12.8
"X367" 47 2014-06-12 10:34:49 1 sh601801 12.8213 1600 1 0.017969 -0.005469 -0.000781 0.005469 12.8
"X368" 50 2014-06-13 09:38:03 0 sh601801 12.9 1600 1 0.020979 -0.003885 0.002331 0.010878 12.87
"X369" 56 2014-06-16 09:40:07 1 sh601801 12.95 1600 1 0.010744 -0.009977 0.002302 0.000767 13.03
"X370" 330 2014-08-18 10:00:35 0 sh601801 14.53 1400 1 0.044352 0 0 0.033957 999999.99
"X371" 349 2014-08-19 09:35:06 1 sh601801 15.555 1400 1 0.050234 -0.009377 0.041527 -0.004019 14.93
"X376" 508 2014-09-11 10:45:48 0 sh601801 16.93 1200 1 0.037059 -0.011357 -0.004184 0.004184 16.73
"X377" 523 2014-09-12 09:31:16 1 sh601801 16.7 1200 1 0.01369 -0.0125 -0.002381 0.008333 16.8
"X378" 595 2014-09-23 10:51:53 0 sh601801 15.73 1300 1 0.023256 0.00323 0.007752 0.011628 15.48
"X379" 613 2014-09-24 09:49:35 1 sh601801 15.7331 1300 1 0.019145 -0.004467 -0.004467 0.01723 15.67
"X380" 682 2014-10-13 09:33:30 0 sh601801 16.2413 1200 1 0.012923 -0.017846 -0.003077 0.002462 16.25
"X381" 702 2014-10-14 09:44:36 1 sh601801 16.2467 1200 1 0.004294 -0.017791 -0.001227 -0.015337 16.3
"X382" 783 2014-10-20 10:07:31 0 sh601801 15.72 1300 1 0.023703 -0.005766 -0.000641 0.02114 15.61
"X383" 800 2014-10-21 09:40:28 1 sh601801 16 1300 1 0.040176 -0.001883 -0.001883 0.031387 15.93
"X384" 946 2014-11-10 09:55:40 0 sh601801 16.77 1200 1 0.024788 0.003628 0.007255 0.015115 16.54
"X385" 965 2014-11-11 09:37:04 1 sh601801 16.76 1200 1 0.004768 -0.049464 0.001192 -0.029201 16.78
"X386" 1094 2014-11-19 09:30:36 0 sh601801 16.33 1200 1 0.019195 -0.001858 0.00743 0.001858 16.15
"X387" 1117 2014-11-20 09:31:07 1 sh601801 16.8517 1200 1 0.05068 0.017305 0.050062 0.030284 16.18
"X388" 1215 2014-11-27 09:45:09 0 sh601801 16.76 1200 1 0.010155 -0.006571 0.006571 0.004779 16.74
"X389" 1229 2014-11-28 09:37:22 1 sh601801 16.74 1200 1 0.002973 -0.029132 0.001784 -0.021403 16.82
"X390" 2150 2015-01-28 10:15:33 0 sh601801 19.85 1000 1 0.022077 -0.029604 -0.015053 -0.020572 19.93
"X391" 2165 2015-01-29 14:53:01 1 sh601801 18.9 1000 1 -0.011777 -0.03533 -0.020993 -0.029698 19.53
"X392" 2005 2015-01-20 09:33:33 0 sh601866 4.3717 4600 1 0.018561 -0.013921 -0.013921 0.011601 4.31
"X393" 2042 2015-01-21 11:08:53 1 sh601866 4.56 4600 1 0.057471 0.004598 0.011494 0.043678 4.35
"X394" 448 2014-09-03 09:37:16 0 sh601880 3.38 5900 1 0.01194 -0.041791 0 -0.029851 3.35
"X395" 462 2014-09-04 14:55:03 1 sh601880 3.46 5900 1 0.067692 -0.009231 0 0.046154 3.25
"X396" 470 2014-09-05 10:33:34 0 sh601880 3.47 5800 1 0.044118 -0.026471 -0.008824 0 3.4
"X398" 496 2014-09-10 14:55:04 1 sh601880 3.33 11600 1 0.002985 -0.032836 -0.002985 -0.002985 3.35
"X397" 480 2014-09-09 09:40:29 0 sh601880 3.45 5800 1 0.026471 -0.020588 -0.005882 -0.011765 3.4
"X398.1" 496 2014-09-10 14:55:04 1 sh601880 3.33 11600 1 0.002985 -0.032836 -0.002985 -0.002985 3.35
"X399" 907 2014-11-05 11:24:24 0 sh601880 4.57 4400 1 0.06681 -0.045259 -0.019397 0.034483 4.64
"X400" 919 2014-11-06 14:55:02 1 sh601880 4.67 4400 1 0.004167 -0.035417 -0.027083 -0.025 4.8
"X401" 1052 2014-11-17 09:51:32 0 sh601880 4.45 4500 1 0.034169 -0.01139 0.009112 0.018223 4.39
"X402" 1079 2014-11-18 09:33:12 1 sh601880 4.64 4500 1 0.047085 0.013453 0.017937 0.035874 4.46
"X403" 1097 2014-11-19 10:18:13 0 sh601880 4.62 4300 1 0.006494 -0.028139 -0.015152 -0.012987 4.62
"X404" 1115 2014-11-20 09:36:01 1 sh601880 4.49 4300 1 0.008791 -0.030769 -0.017582 -0.006593 4.55
"X405" 1360 2014-12-09 09:36:36 0 sh601880 4.81 4200 1 0.090535 -0.024691 -0.012346 -0.010288 4.86
"X406" 1401 2014-12-10 09:33:35 1 sh601880 4.98 4200 1 0.095833 -0.020833 0.00625 0.09375 4.8
"X407" 1559 2014-12-19 09:43:10 0 sh601880 5.07 3900 1 0.05 0.004 0.012 0.034 5
"X408" 1576 2014-12-22 14:55:03 1 sh601880 4.78 3900 1 0 -0.085106 0 -0.073501 5.17
"X412" 2104 2015-01-26 09:52:36 0 sh601928 11.81 1700 1 0.027444 0 0 0.027444 11.66
"X413" 2124 2015-01-27 09:32:04 1 sh601928 11.97 1700 1 0.005843 -0.034224 0.004174 -0.017529 11.98
"X414" 36 2014-06-09 09:56:12 0 sh601999 6.4681 3100 1 0.021672 -0.006192 -0.001548 0.010836 6.46
"X415" 40 2014-06-10 14:06:01 1 sh601999 6.6 3100 1 0.029096 -0.006126 0 0.027565 6.53
"X416" 167 2014-07-24 09:43:52 0 sh601999 7.12 2800 1 0.008463 -0.005642 0.002821 0.007052 7.09
"X417" 178 2014-07-25 14:01:17 1 sh601999 7.21 2800 1 0.01683 -0.001403 0 0.014025 7.13
"X418" 269 2014-08-07 10:35:20 0 sh601999 7.56 2600 1 0.003968 -0.021164 0 -0.019841 7.56
"X419" 278 2014-08-08 14:55:04 1 sh601999 7.56 2600 1 0.032432 0 0 0.031081 999999.99
"X422" 413 2014-09-01 09:55:19 0 sh601999 9.6592 2100 1 0.036842 -0.018947 -0.004211 0.02 9.5
"X423" 431 2014-09-02 09:34:00 1 sh601999 9.62 2100 1 0.0258 -0.01032 0 0.011352 9.69
"X424" 535 2014-09-15 09:35:36 0 sh601999 10.78 1900 1 0.019499 -0.009285 -0.005571 -0.001857 10.77
"X425" 551 2014-09-16 14:55:04 1 sh601999 9.97 1900 1 -0.003724 -0.075419 -0.003724 -0.068901 10.74
"X426" 843 2014-10-24 11:15:20 0 sh601999 10.41 1900 1 0.030512 0.002953 0.030512 0.01378 10.16
"X427" 853 2014-10-29 09:38:24 1 sh601999 10.54 1900 1 0.027384 -0.009443 -0.002833 0.021719 10.59
"X428" 896 2014-11-04 09:31:05 0 sh601999 10.7474 1900 1 0.014884 -0.013953 -0.00093 0.003721 10.75
"X429" 905 2014-11-05 09:42:29 1 sh601999 10.72 1900 1 -0.000927 -0.024096 -0.011121 -0.013902 10.79
"X430" 917 2014-11-06 09:46:08 0 sh601999 10.77 1900 1 0.06203 -0.00094 0 0.056391 10.64
"X431" 934 2014-11-07 11:05:31 1 sh601999 11.17 1900 1 0.010686 -0.029386 -0.007124 -0.028495 11.23
"X432" 1439 2014-12-11 09:35:03 0 sh601999 13.58 1500 1 0.010264 -0.049853 -0.012463 -0.027126 13.64
"X433" 1464 2014-12-12 14:55:04 1 sh601999 13.28 1500 1 0.012085 -0.026435 -0.008308 0.001511 13.24
"X434" 185 2014-07-28 10:02:14 0 sz000021 6.03 3300 1 0.023689 0.005076 0.006768 0.015228 5.91
"X435" 198 2014-07-29 10:07:07 1 sz000021 6.06 3300 1 0.015 -0.006667 0.001667 0.006667 6
"X436" 262 2014-08-06 11:19:29 0 sz000021 6.06 3300 1 0.041597 -0.006656 0 0.039933 6.01
"X437" 275 2014-08-08 13:01:33 1 sz000021 6.4 3300 1 0.055829 0.024631 0.047619 0.039409 6.09
"X438" 283 2014-08-11 09:46:21 0 sz000021 6.36 3100 1 0.022082 -0.009464 -0.007886 0.009464 6.34
"X439" 289 2014-08-12 14:55:01 1 sz000021 6.4 3100 1 0.015601 -0.00936 -0.00156 0 6.41
"X440" 290 2014-08-12 09:47:52 0 sz000021 6.43 3100 1 0.015601 -0.00936 -0.00156 0 6.41
"X441" 298 2014-08-13 14:55:03 1 sz000021 6.33 3100 1 -0.00468 -0.029641 -0.00468 -0.01092 6.41
"X442" 307 2014-08-14 10:17:05 0 sz000021 6.33 3200 1 0.047319 -0.007886 0 0.028391 6.34
"X444" 317 2014-08-15 09:43:22 1 sz000021 6.52 3200 1 0.068913 -0.007657 -0.007657 0.029096 6.53
"X443" 316 2014-08-15 11:10:03 0 sz000021 6.58 3000 1 0.068913 -0.007657 -0.007657 0.029096 6.53
"X446" 664 2014-10-10 09:30:16 1 sz000021 6.69 3000 1 0.014859 -0.029718 -0.001486 0.001486 6.73
"X445" 652 2014-10-09 09:49:54 0 sz000021 6.74 3000 1 0.028486 -0.005997 0.004498 0.007496 6.67
"X446.1" 664 2014-10-10 09:30:16 1 sz000021 6.69 3000 1 0.014859 -0.029718 -0.001486 0.001486 6.73
"X447" 685 2014-10-13 09:52:39 0 sz000021 6.74 3000 1 0.037092 -0.013353 -0.007418 0.023739 6.74
"X448" 704 2014-10-14 09:47:54 1 sz000021 6.86 3000 1 0.007236 -0.014472 -0.005789 0.001447 6.91
"X449" 761 2014-10-17 09:50:07 0 sz000021 6.99 2900 1 0.004292 -0.04578 -0.005722 -0.02289 6.99
"X450" 788 2014-10-20 09:42:33 1 sz000021 6.81 2900 1 0.038179 -0.007342 0.002937 0.033774 6.81
"X451" 806 2014-10-21 10:46:13 0 sz000021 7.02 2800 1 0.011315 -0.016973 -0.002829 -0.008487 7.07
"X452" 816 2014-10-22 09:36:16 1 sz000021 6.98 2800 1 0.002857 -0.047143 -0.004286 -0.044286 7
"X453" 854 2014-10-29 09:41:11 0 sz000021 6.66 3000 1 0.018127 -0.004532 0.001511 0.009063 6.62
"X454" 866 2014-10-30 09:37:46 1 sz000021 6.82 3000 1 0.026906 -0.001495 0.004484 0.005979 6.69
"X455" 918 2014-11-06 09:49:39 0 sz000021 7.03 2800 1 0.099567 -0.002886 -0.002886 0.099567 6.93
"X456" 932 2014-11-07 09:30:56 1 sz000021 7.72 2800 1 0.032808 -0.014436 0.018373 0.007874 7.62
"X457" 988 2014-11-12 09:46:47 0 sz000021 7.45 2700 1 0.024457 -0.02038 -0.001359 0.013587 7.36
"X458" 1010 2014-11-13 09:36:19 1 sz000021 7.47 2700 1 0.029451 -0.029451 0.006693 0.012048 7.47
"X459" 1100 2014-11-19 10:17:25 0 sz000021 7.46 2700 1 0.063003 -0.008043 -0.002681 0.033512 7.46
"X460" 1111 2014-11-20 13:20:29 1 sz000021 7.61 2700 1 -0.010363 -0.028497 -0.014249 -0.018135 7.72
"X461" 123 2014-07-15 10:53:08 0 sz000066 4.45 4500 1 0.1 -0.015909 -0.009091 0.077273 4.4
"X462" 133 2014-07-16 14:41:34 1 sz000066 4.82 4500 1 0.023256 -0.031712 -0.016913 0.004228 4.73
"X463" 238 2014-08-04 09:31:36 0 sz000066 4.71 4300 1 0.021277 -0.004255 -0.004255 0.008511 4.7
"X464" 248 2014-08-05 14:55:03 1 sz000066 4.72 4300 1 0.00211 -0.010549 0 -0.00211 4.74
"X465" 738 2014-10-16 10:53:49 0 sz000066 6.86 2900 1 -0.004261 -0.038352 -0.014205 -0.03125 7.04
"X466" 759 2014-10-17 09:36:32 1 sz000066 6.9272 2900 1 0.067449 0 0 0.06305 6.82
"X467" 931 2014-11-07 09:30:34 0 sz000066 7.23 2800 1 0.011096 -0.0319 0 -0.019417 7.21
"X468" 947 2014-11-10 09:36:04 1 sz000066 7.08 2800 1 0.016997 -0.012748 0.011331 -0.005666 7.06
"X469" 1051 2014-11-17 09:53:08 0 sz000066 6.34 3200 1 0.007776 -0.024883 -0.004666 -0.009331 6.43
"X470" 1076 2014-11-18 09:55:21 1 sz000066 6.4 3200 1 0.023511 -0.00627 -0.001567 0.021944 6.38
"X471" 1167 2014-11-25 09:45:05 0 sz000066 6.75 3000 1 0.020864 -0.007452 -0.00149 0.011923 6.71
"X473" 1195 2014-11-26 13:27:29 1 sz000066 6.73 3000 1 0.017673 -0.0162 -0.001473 0.001473 6.79
"X472" 1194 2014-11-26 09:45:37 0 sz000066 6.87 2900 1 0.017673 -0.0162 -0.001473 0.001473 6.79
"X474" 1216 2014-11-27 09:35:13 1 sz000066 6.77 2900 1 0.011765 -0.011765 0 -0.004412 6.8
"X478" 2081 2015-01-23 10:08:46 0 sz000088 9.82 2000 1 0.027979 -0.013472 -0.007254 0.020725 9.65
"X479" 2102 2015-01-26 09:31:31 1 sz000088 9.85 2000 1 0.013198 -0.013198 0.008122 0.007107 9.85
"X480" 1292 2014-12-03 09:43:13 0 sz000157 5.43 3700 1 0.035316 -0.005576 0.013011 0.013011 5.38
"X481" 1313 2014-12-04 14:12:35 1 sz000157 5.59 3700 1 0.042202 0 0.011009 0.036697 5.45
"X482" 1334 2014-12-05 09:35:14 0 sz000157 5.77 3500 1 0.051418 -0.046099 0.01773 -0.014184 5.64
"X484" 1399 2014-12-10 09:30:42 1 sz000157 6.12 3300 1 0.077055 -0.005137 0.020548 0.07363 5.84
"X483" 1364 2014-12-09 09:30:09 0 sz000157 6.15 3300 1 0.075286 -0.050736 0 -0.04419 6.11
"X484.1" 1399 2014-12-10 09:30:42 1 sz000157 6.12 3300 1 0.077055 -0.005137 0.020548 0.07363 5.84
"X485" 1541 2014-12-18 09:42:18 0 sz000157 6.24 3200 1 0.030794 -0.011345 -0.008104 0.008104 6.17
"X487" 1556 2014-12-19 10:32:29 1 sz000157 6.33 3200 1 0.099678 -0.014469 -0.009646 0.099678 6.22
"X486" 1555 2014-12-19 09:56:51 0 sz000157 6.35 3200 1 0.099678 -0.014469 -0.009646 0.099678 6.22
"X488" 1580 2014-12-22 09:30:30 1 sz000157 7.07 3200 1 0.057018 -0.02924 0.038012 -0.016082 6.84
"X491" 1699 2014-12-26 09:30:10 0 sz000157 6.9 5800 1 0.048246 -0.017544 0.010234 0.013158 6.84
"X492" 1710 2014-12-29 09:31:58 1 sz000157 6.84 5800 1 0.043228 -0.027378 -0.017291 0.024496 6.94
"X493" 533 2014-09-15 09:38:54 0 sz000561 10.36 1900 1 0.006763 -0.023188 0.004831 0.002899 10.35
"X494" 547 2014-09-16 09:50:56 1 sz000561 10.23 1900 1 -0.007715 -0.074253 -0.009643 -0.068467 10.37
"X495" 650 2014-10-09 09:39:18 0 sz000561 11.6324 1700 1 0.012153 -0.036458 -0.007813 -0.025174 11.52
"X496" 666 2014-10-10 09:30:52 1 sz000561 11.12 1700 1 0.033778 -0.021333 -0.010667 0.020444 11.25
"X497" 687 2014-10-13 11:08:59 0 sz000561 11.56 1700 1 0.035683 -0.024369 -0.00087 0.021758 11.49
"X499" 705 2014-10-14 14:55:01 1 sz000561 11.3706 1700 1 0.010221 -0.041738 -0.012777 -0.030664 11.74
"X498" 703 2014-10-14 10:10:01 0 sz000561 11.68 1700 1 0.010221 -0.041738 -0.012777 -0.030664 11.74
"X500" 722 2014-10-15 09:43:35 1 sz000561 11.3129 1700 1 0.000879 -0.041301 -0.010545 -0.027241 11.38
"X501" 762 2014-10-17 10:02:38 0 sz000561 11.17 1800 1 0.030027 -0.010009 -0.010009 0.023658 10.99
"X502" 787 2014-10-20 10:56:53 1 sz000561 11.5328 1800 1 0.047237 -0.001783 0.005348 0.02852 11.22
"X503" 814 2014-10-22 10:03:42 0 sz000561 11.28 1800 1 0.020426 -0.020426 0 -0.016874 11.26
"X504" 830 2014-10-23 09:35:12 1 sz000561 10.88 1800 1 -0.004517 -0.094851 -0.01626 -0.084914 11.07
"X505" 832 2014-10-23 10:24:11 0 sz000561 10.7733 1900 1 -0.004517 -0.094851 -0.01626 -0.084914 11.07
"X506" 840 2014-10-24 11:29:05 1 sz000561 10.18 1900 1 0.01581 -0.001976 0.008893 0.003953 10.12
"X507" 910 2014-11-05 10:15:28 0 sz000561 10.31 1900 1 0.009699 -0.012609 0.00291 0.00097 10.31
"X508" 920 2014-11-06 09:36:12 1 sz000561 10.33 1900 1 0.018411 -0.005814 0.003876 0.017442 10.32
"X509" 1198 2014-11-26 11:02:32 0 sz000561 9.96 2000 1 0.011 -0.017 0.002 0.01 10
"X510" 1210 2014-11-27 14:55:01 1 sz000561 10 2000 1 0.00495 -0.012871 -0.00198 -0.005941 10.1
"X511" 1332 2014-12-05 09:30:10 0 sz000561 9.93 2000 1 0.092784 -0.018557 0.020619 0.075258 9.7
"X513" 1527 2014-12-17 09:31:06 1 sz000561 10.52 1900 1 -0.002828 -0.036758 -0.00377 -0.031103 10.61
"X512" 1504 2014-12-16 09:35:51 0 sz000561 10.57 1900 1 0.034253 0.001903 0.007612 0.008563 10.51
"X513.1" 1527 2014-12-17 09:31:06 1 sz000561 10.52 1900 1 -0.002828 -0.036758 -0.00377 -0.031103 10.61
"X514" 1544 2014-12-18 09:38:41 0 sz000561 10.28 2000 1 0.046647 -0.014577 -0.005831 0.008746 10.29
"X515" 1557 2014-12-19 09:30:50 1 sz000561 10.24 2000 1 -0.007707 -0.054913 -0.007707 -0.044316 10.38
"X516" 943 2014-11-10 10:42:44 0 sz000568 16.86 1200 1 0.042591 -0.0012 0.002999 0.040792 16.67
"X517" 964 2014-11-11 09:53:10 1 sz000568 17.7 1200 1 0.025937 -0.023055 0.006916 -0.00634 17.35
"X518" 1558 2014-12-19 11:01:01 0 sz000568 20.01 1000 1 0.023761 -0.014156 -0.004044 0.014156 19.78
"X519" 1579 2014-12-22 13:50:06 1 sz000568 20.44 1000 1 0.029412 -0.01994 -0.005982 0.025922 20.06
"X520" 1707 2014-12-29 10:23:39 0 sz000568 21.0789 900 1 0.011882 -0.039924 -0.000475 -0.028042 21.04
"X522" 1829 2015-01-08 14:55:02 1 sz000568 21.62 900 1 0.021306 -0.012506 0.000926 0.002316 21.59
"X521" 1814 2015-01-07 09:45:33 0 sz000568 21.99 900 1 0.035681 -0.012975 0.00139 0.000927 21.58
"X522.1" 1829 2015-01-08 14:55:02 1 sz000568 21.62 900 1 0.021306 -0.012506 0.000926 0.002316 21.59
"X523" 1847 2015-01-09 10:16:10 0 sz000568 21.99 900 1 0.024954 -0.009242 -0.00878 -0.00878 21.64
"X524" 1892 2015-01-13 14:55:00 1 sz000568 19.12 900 1 0.008776 -0.026846 -0.00413 -0.013939 19.37
"X525" 201 2014-07-29 11:11:54 0 sz000735 6.15 3300 1 0.02946 -0.00491 0 0.01473 6.11
"X526" 213 2014-07-30 14:55:01 1 sz000735 6.17 3300 1 0.003221 -0.016103 -0.006441 -0.006441 6.21
"X527" 447 2014-09-03 10:46:07 0 sz000735 6.69 3000 1 0.030441 -0.001522 0.003044 0.015221 6.57
"X528" 458 2014-09-04 14:42:54 1 sz000735 6.71 3000 1 0.011994 -0.010495 -0.005997 0.005997 6.67
"X529" 580 2014-09-22 09:48:04 0 sz000735 7.52 2700 1 0.007905 -0.046113 -0.011858 -0.035573 7.59
"X530" 600 2014-09-23 09:41:02 1 sz000735 7.52 2700 1 0.068306 0.004098 0.010929 0.013661 7.32
"X531" 601 2014-09-23 09:31:21 0 sz000735 7.38 2700 1 0.068306 0.004098 0.010929 0.013661 7.32
"X532" 612 2014-09-24 09:55:19 1 sz000735 7.36 2700 1 0 -0.01752 -0.009434 -0.002695 7.42
"X533" 1131 2014-11-21 09:30:12 0 sz000735 7.91 2500 1 0.02046 -0.014066 0.007673 0.001279 7.82
"X534" 1150 2014-11-24 09:35:36 1 sz000735 7.82 2500 1 0.035714 -0.010204 0.003827 0.033163 7.84
"X535" 1761 2015-01-05 10:00:07 0 sz000735 7.65 2600 1 0.030184 -0.006562 0.002625 0.024934 7.62
"X536" 1789 2015-01-06 14:55:03 1 sz000735 7.91 2600 1 0.023047 -0.016645 -0.006402 0.012804 7.81
"X537" 711 2014-10-14 11:14:24 0 sz000758 11.76 1700 1 0.001701 -0.016156 -0.005102 -0.011905 11.76
"X538" 723 2014-10-15 13:19:40 1 sz000758 11.58 1700 1 0.002582 -0.020654 0 -0.012048 11.62
"X539" 744 2014-10-16 11:03:15 0 sz000758 11.48 1700 1 0.002613 -0.025261 -0.006969 -0.023519 11.48
"X540" 766 2014-10-17 09:59:06 1 sz000758 11.21 1700 1 0.009821 -0.025893 0 0.008036 11.2
"X541" 1737 2014-12-31 09:50:32 0 sz000758 14.92 1300 1 0.010767 -0.039704 0 -0.012113 14.86
"X542" 1766 2015-01-05 09:48:51 1 sz000758 15.12 1300 1 0.100068 -0.004765 0.006127 0.100068 14.69
"X543" 1848 2015-01-09 10:02:10 0 sz000789 13.89 1400 1 0.01978 -0.010256 -0.005861 -0.010256 13.65
"X544" 1865 2015-01-12 14:55:01 1 sz000789 13.01 1400 1 -0.005174 -0.051737 -0.012565 -0.037694 13.53
"X545" 1936 2015-01-15 11:00:20 0 sz000789 13.35 1500 1 0.023396 -0.008302 0.003774 0.020377 13.25
"X546" 1951 2015-01-16 14:55:01 1 sz000789 13.44 1500 1 0.008863 -0.013294 0.002954 -0.006647 13.54
"X547" 2003 2015-01-20 09:42:12 0 sz000789 12.48 1600 1 0.032389 0.001619 0.016194 0.032389 12.35
"X548" 2043 2015-01-21 14:55:03 1 sz000789 13.0594 1600 1 0.027451 -0.007843 0.002353 0.026667 12.75
"X549" 963 2014-11-11 09:51:15 0 sz000858 18.15 1100 1 0.012249 -0.012806 0.008352 -0.003341 17.96
"X550" 990 2014-11-12 09:40:45 1 sz000858 17.9 1100 1 0.00838 -0.006704 -0.000559 0.005587 17.9
"X552" 1327 2014-12-05 09:31:29 0 sz000858 20.48 1000 1 0.032951 -0.044433 0.017474 -0.019471 20.03
"X553" 1363 2014-12-09 09:31:14 1 sz000858 20.04 1000 1 0.067227 -0.02867 -0.00692 -0.024221 20.23
"X554" 1437 2014-12-11 10:10:21 0 sz000858 20.89 1000 1 0.022363 -0.020904 0.001458 -0.011181 20.57
"X555" 1463 2014-12-12 14:55:03 1 sz000858 20.3576 1000 1 0.016708 -0.001966 0.002457 0.000491 20.35
"X556" 1735 2014-12-31 09:54:41 0 sz000858 21.55 900 1 0.01454 -0.000938 -0.000938 0.007974 21.32
"X557" 1759 2015-01-05 09:49:57 1 sz000858 21.95 900 1 0.1 0.001395 0.006047 0.1 21.5
"X558" 1739 2014-12-31 09:34:10 0 sz000877 10.4 1900 1 0.027317 -0.018537 0.004878 0.000976 10.25
"X559" 1762 2015-01-05 09:33:15 1 sz000877 10.3353 1900 1 0.049756 -0.000976 0 0.006829 10.25
"X560" 158 2014-07-23 10:09:04 0 sz002001 13.99 1400 1 0.011527 -0.008646 0 0.001441 13.88
"X561" 166 2014-07-24 09:43:41 1 sz002001 14.21 1400 1 0.036664 -0.005751 0.017254 -0.005751 13.91
"X562" 240 2014-08-04 09:40:47 0 sz002001 14.27 1400 1 0.009136 -0.009136 0.001405 0.003514 14.23
"X563" 253 2014-08-05 09:40:05 1 sz002001 14.3823 1400 1 0.031513 -0.004202 -0.003501 0.022409 14.28
"X564" 537 2014-09-15 09:40:58 0 sz002001 15.01 1300 1 0.014113 -0.00336 0 0.004704 14.88
"X565" 549 2014-09-16 09:54:14 1 sz002001 15.35 1300 1 0.032107 -0.016054 0.000669 -0.014716 14.95
"X566" 725 2014-10-15 10:12:08 0 sz002001 15.14 1300 1 0.050599 0 0.003329 0.04261 15.02
"X567" 737 2014-10-16 09:54:48 1 sz002001 15.91 1300 1 0.051086 -0.012133 -0.007024 0.012133 15.66
"X569" 1477 2014-12-15 09:52:22 0 sz002031 18.34 1100 1 -0.001071 -0.055139 -0.018201 -0.047109 18.68
"X570" 1510 2014-12-16 14:55:03 1 sz002031 16.63 1100 1 -0.019112 -0.072513 -0.021922 -0.064643 17.79
"X571" 346 2014-08-19 11:03:24 0 sz002091 16.82 1200 1 0.035393 -0.014997 -0.007199 0.028194 16.67
"X573" 494 2014-09-10 14:31:52 1 sz002091 16.51 1200 1 0.024909 -0.020049 -0.000608 0.017618 16.46
"X572" 482 2014-09-09 09:59:17 0 sz002091 16.29 1200 1 0.017835 -0.005535 0.00246 0.01107 16.26
"X573.1" 494 2014-09-10 14:31:52 1 sz002091 16.51 1200 1 0.024909 -0.020049 -0.000608 0.017618 16.46
"X575" 2086 2015-01-23 09:30:17 0 sz002091 16.07 1200 1 0.002492 -0.020561 0.001246 -0.01433 16.05
"X576" 2105 2015-01-26 09:34:25 1 sz002091 15.83 1200 1 0.011385 -0.003163 -0.003163 0.009488 15.81
"X577" 95 2014-06-25 09:58:25 0 sz002136 6.82 2900 1 0.045388 -0.011713 -0.005857 0.021962 6.83
"X578" 99 2014-06-26 13:01:41 1 sz002136 7.07 2900 1 0.017143 -0.017143 -0.011429 0.002857 7
"X579" 107 2014-07-11 09:30:30 0 sz002136 7.07 2800 1 0.093795 0.018759 0.018759 0.046176 6.93
"X580" 112 2014-07-14 09:50:40 1 sz002136 7.46 2800 1 0.10069 -0.011034 0 0.09931 7.25
"X581" 137 2014-07-17 11:01:23 0 sz002136 7.8 2600 1 0.007722 -0.015444 -0.007722 0.007722 7.77
"X583" 141 2014-07-18 14:55:03 1 sz002136 7.71 2600 1 0.012739 -0.019108 0.006369 -0.017834 7.85
"X582" 140 2014-07-18 11:16:22 0 sz002136 7.82 2600 1 0.012739 -0.019108 0.006369 -0.017834 7.85
"X584" 145 2014-07-21 14:55:01 1 sz002136 7.56 2600 1 -0.011658 -0.028497 -0.01943 -0.01943 7.72
"X585" 146 2014-07-21 11:15:16 0 sz002136 7.59 2600 1 -0.011658 -0.028497 -0.01943 -0.01943 7.72
"X586" 151 2014-07-22 09:52:51 1 sz002136 7.72 2600 1 0.044914 0.003963 0.006605 0.038309 7.57
"X587" 157 2014-07-23 09:46:18 0 sz002136 7.88 2500 1 0.025413 -0.010165 0.001271 -0.001271 7.87
"X588" 168 2014-07-24 09:53:36 1 sz002136 8.048 2500 1 0.027883 -0.020279 -0.00507 -0.00507 7.89
"X589" 169 2014-07-24 09:42:54 0 sz002136 7.96 2500 1 0.027883 -0.020279 -0.00507 -0.00507 7.89
"X590" 177 2014-07-25 09:41:05 1 sz002136 7.98 2500 1 0.029262 0.001272 0.001272 0.013995 7.86
"X591" 196 2014-07-29 09:40:40 0 sz002136 7.9756 2500 1 0.012547 -0.013802 0 0.008783 7.97
"X592" 209 2014-07-30 14:52:02 1 sz002136 7.9344 2500 1 0.026087 -0.019876 0.003727 -0.018634 8.05
"X593" 251 2014-08-05 10:05:12 0 sz002136 8.04 2500 1 0.004975 -0.017413 0.004975 -0.006219 8.04
"X594" 264 2014-08-06 09:42:26 1 sz002136 7.98 2500 1 0.027604 -0.006274 0.013802 0.023839 7.97
"X595" 443 2014-09-03 09:30:28 0 sz002136 8.2 2400 1 0.011016 -0.00612 0.007344 0.003672 8.17
"X596" 461 2014-09-04 13:05:33 1 sz002136 8.33 2400 1 0.024361 -0.009744 -0.001218 0.023143 8.21
"X597" 521 2014-09-12 09:30:15 0 sz002136 8.4213 2400 1 0.036949 -0.005959 0.002384 0.02503 8.39
"X598" 534 2014-09-15 09:37:28 1 sz002136 8.5542 2400 1 0.031432 -0.01397 -0.002328 0.024447 8.59
"X599" 815 2014-10-22 11:29:18 0 sz002136 10.83 1900 1 0.017642 -0.026927 0.002786 -0.02507 10.77
"X600" 828 2014-10-23 09:32:42 1 sz002136 10.4874 1900 1 0.014286 -0.042857 -0.001905 -0.028571 10.5
"X601" 885 2014-11-03 09:39:18 0 sz002136 10.97 1800 1 0.046168 0.001847 0.001847 0.046168 10.83
"X602" 897 2014-11-04 14:55:01 1 sz002136 11.22 1800 1 0 -0.021183 -0.004413 -0.009709 11.33
"X603" 1400 2014-12-10 10:58:40 0 sz002136 10.24 2000 1 0.023529 -0.013725 -0.004902 0.021569 10.2
"X604" 1440 2014-12-11 14:55:03 1 sz002136 10.37 2000 1 0 -0.021113 -0.003839 -0.003839 10.42
"X605" 2128 2015-01-27 09:30:12 0 sz002136 10.42 1900 1 0.051406 -0.008729 0.008729 0.046557 10.31
"X606" 2147 2015-01-28 10:11:16 1 sz002136 10.8553 1900 1 0.029657 -0.020389 -0.012048 -0.00278 10.79
"X607" 584 2014-09-22 09:37:51 0 sz002166 20.43 1000 1 0.062189 0.005473 0.005473 0.01592 20.1
"X608" 598 2014-09-23 09:36:01 1 sz002166 20.25 1000 1 0.015663 -0.015663 -0.011258 0.011258 20.43
"X609" 653 2014-10-09 10:13:40 0 sz002166 22.6 900 1 0.048967 -0.022462 -0.007188 0.028751 22.26
"X611" 662 2014-10-10 14:55:03 1 sz002166 22.62 900 1 0.016157 -0.021397 -0.013974 -0.012227 22.9
"X610" 661 2014-10-10 10:20:21 0 sz002166 23.0911 900 1 0.016157 -0.021397 -0.013974 -0.012227 22.9
"X612" 680 2014-10-13 09:35:38 1 sz002166 23.07 900 1 0.068935 0.006628 0.006628 0.052143 22.63
"X613" 681 2014-10-13 09:50:22 0 sz002166 22.93 900 1 0.068935 0.006628 0.006628 0.052143 22.63
"X614" 706 2014-10-14 13:41:37 1 sz002166 24.83 900 1 0.070529 -0.027708 -0.010076 0.028128 23.82
"X615" 726 2014-10-15 09:51:40 0 sz002166 24.3 800 1 0.1 -0.019184 -0.006122 0.1 24.5
"X617" 742 2014-10-16 09:38:03 1 sz002166 27.55 800 1 0.086456 -0.026716 -0.012987 0.001113 26.95
"X616" 740 2014-10-16 09:32:38 0 sz002166 26.7 700 1 0.086456 -0.026716 -0.012987 0.001113 26.95
"X618" 757 2014-10-17 09:30:43 1 sz002166 26.2 700 1 -0.019396 -0.082432 -0.019769 -0.064155 26.81
"X619" 786 2014-10-20 09:35:06 0 sz002166 25.62 800 1 0.067331 -0.003586 0.012749 0.026693 25.1
"X620" 801 2014-10-21 09:30:17 1 sz002166 24.6 800 1 -0.041521 -0.091967 -0.041521 -0.082654 25.77
"X621" 1026 2014-11-14 10:11:25 0 sz002166 21.68 900 1 0.026279 0 0 0.014078 21.31
"X622" 1048 2014-11-17 09:30:51 1 sz002166 21.61 900 1 0.024988 -0.006478 0.00509 0.01851 21.61
"X623" 1096 2014-11-19 09:30:25 0 sz002166 23.34 900 1 0.055822 0.012647 0.016572 0.034017 22.93
"X624" 1114 2014-11-20 09:30:43 1 sz002166 23.1244 900 1 -0.009696 -0.035413 -0.021501 -0.026138 23.72
"X628" 2068 2015-01-22 09:31:18 0 sz002166 25.24 800 1 0.036194 0.00732 0.022773 0.014233 24.59
"X629" 2082 2015-01-23 09:33:25 1 sz002166 24.79 800 1 0.090617 -0.025261 -0.005213 0.059342 24.94
"X630" 122 2014-07-15 09:37:03 0 sz002232 10.01 2000 1 0.031219 -0.018127 0.002014 0 9.93
"X631" 131 2014-07-16 14:55:02 1 sz002232 9.29 2000 1 -0.007056 -0.068548 -0.017137 -0.061492 9.92
"X632" 1915 2015-01-14 09:30:11 0 sz002233 9.843 2000 1 0.011247 -0.009202 0.00818 -0.00409 9.78
"X633" 1935 2015-01-15 10:18:59 1 sz002233 9.89 2000 1 0.027607 -0.00409 0.003067 0.02454 9.78
"X634" 2131 2015-01-27 10:09:55 0 sz002233 9.72 2100 1 0.009317 -0.013458 0 0.006211 9.66
"X635" 2152 2015-01-28 14:53:00 1 sz002233 9.52 2100 1 -0.003086 -0.021605 -0.004115 -0.020576 9.72
"X636" 17 2014-05-27 09:52:05 0 sz002279 19.35 1000 1 0.019271 -0.022917 -0.00625 -0.018229 19.2
"X637" 21 2014-05-28 09:42:14 1 sz002279 18.8411 900 1 0.086472 -0.01008 -0.006897 0.065252 18.85
"X638" 39 2014-06-10 11:25:25 0 sz002279 20.9065 1000 1 0.081755 -0.011964 -0.00349 0.052841 20.06
"X639" 43 2014-06-11 14:49:29 1 sz002279 20.53 1100 1 0.002838 -0.044465 -0.018448 -0.033586 21.14
"X640" 130 2014-07-16 11:06:55 0 sz002279 21.1 900 1 0.019349 -0.035866 0 0.017933 21.19
"X641" 136 2014-07-17 14:55:03 1 sz002279 21.17 900 1 -0.000464 -0.032916 -0.001391 -0.02179 21.57
"X642" 1022 2014-11-14 09:58:56 0 sz002279 28.59 700 1 0.010873 -0.007717 -0.007366 0.00947 28.51
"X643" 1057 2014-11-17 09:36:53 1 sz002279 28.61 700 1 0.046908 -0.014941 0.003822 0.02467 28.78
"X645" 1895 2015-01-13 10:01:39 0 sz002279 30.2429 700 1 0.073875 -0.015447 0 0.046004 29.78
"X646" 1918 2015-01-14 14:55:00 1 sz002279 28.5 700 1 0.001284 -0.08764 -0.00321 -0.086356 31.15
"X649" 2106 2015-01-26 09:34:42 0 sz002279 33.85 600 1 0.084233 0.003597 0.003897 0.070144 33.36
"X650" 2125 2015-01-27 09:31:42 1 sz002279 35.7167 600 1 0.1 -0.008403 -0.001401 0.1 35.7
"X651" 318 2014-08-15 10:23:11 0 sz002441 16.74 1200 1 0.031231 -0.007808 0.001802 0.027027 16.65
"X652" 333 2014-08-18 14:55:00 1 sz002441 17.24 1200 1 0.016393 -0.000585 0.005855 0.009368 17.08
"X653" 334 2014-08-18 09:40:45 0 sz002441 17.19 1200 1 0.016393 -0.000585 0.005855 0.009368 17.08
"X654" 345 2014-08-19 11:28:22 1 sz002441 17.33 1200 1 0.013921 -0.00464 -0.0029 0.00348 17.24
"X655" 425 2014-09-02 10:04:35 0 sz002441 17.37 1200 1 0.017351 0.00347 0.00347 0.012146 17.29
"X656" 445 2014-09-03 14:51:34 1 sz002441 17.8 1200 1 0.027984 -0.009709 0.002856 0.026271 17.51
"X657" 667 2014-10-10 10:41:49 0 sz002441 23.12 900 1 -0.011789 -0.037895 -0.012211 -0.036211 23.75
"X658" 686 2014-10-13 09:31:07 1 sz002441 22.7789 900 1 0.014873 -0.035871 0.003062 -0.005249 22.86
"X659" 983 2014-11-12 10:45:26 0 sz002441 24.61 800 1 0.017227 -0.012305 -0.012305 -0.00041 24.38
"X660" 1007 2014-11-13 09:35:14 1 sz002441 24.24 800 1 0.004946 -0.092333 0.004946 -0.052762 24.26
"X661" 1019 2014-11-14 10:05:57 0 sz002441 22.9 900 1 0.017912 -0.018785 -0.005679 0 22.89
"X662" 1046 2014-11-17 09:42:19 1 sz002441 23.0086 900 1 0.070306 -0.00655 0 0.056769 22.9
"X663" 1047 2014-11-17 09:45:03 0 sz002441 22.98 900 1 0.070306 -0.00655 0 0.056769 22.9
"X664" 1082 2014-11-18 09:48:02 1 sz002441 24.5711 900 1 0.022727 0.000413 0.000413 0.002479 24.2
"X665" 1170 2014-11-25 09:33:40 0 sz002441 25.83 800 1 0.035923 -0.016009 0.001562 0.033581 25.61
"X666" 1188 2014-11-26 09:32:33 1 sz002441 27.29 800 1 0.052473 0.012835 0.029068 0.037373 26.49
"X667" 1362 2014-12-09 10:00:05 0 sz002441 25.46 800 1 0.047435 -0.028153 -0.012727 -0.007327 25.93
"X668" 1402 2014-12-10 09:40:41 1 sz002441 26 800 1 0.067961 0 0.001553 0.043883 25.75
"X669" 1480 2014-12-15 09:45:19 0 sz002441 28.69 700 1 0.014619 -0.021928 -0.007658 -0.004525 28.73
"X670" 1505 2014-12-16 09:48:07 1 sz002441 28.5 700 1 0.008741 -0.047203 -0.009441 -0.027622 28.6
"X671" 1891 2015-01-13 09:56:44 0 sz002441 23.53 900 1 0.055603 0.002586 0.017241 0.038793 23.2
"X672" 1916 2015-01-14 09:31:01 1 sz002441 24.5 900 1 0.054749 0.016176 0.024886 0.049357 24.11
"X673" 22 2014-05-28 10:06:18 0 sz002474 7.27 2800 1 0.100709 -0.01844 -0.009929 0.070922 7.05
"X674" 24 2014-05-29 09:37:04 1 sz002474 7.4521 2800 1 0.033069 -0.042328 -0.01455 0.003968 7.56
"X675" 28 2014-06-04 10:24:10 0 sz002474 7.28 2700 1 0.022008 -0.005502 0.004127 0.005502 7.27
"X676" 32 2014-06-05 09:37:11 1 sz002474 7.15 2700 1 0.002732 -0.02459 -0.01776 0 7.32
"X677" 57 2014-06-16 10:34:25 0 sz002474 8.36 2400 1 0.040964 -0.013253 -0.013253 0 8.3
"X678" 66 2014-06-18 09:32:37 1 sz002474 8.98 4800 1 0.025192 -0.040526 -0.007667 -0.021906 9.13
"X679" 67 2014-06-18 10:09:47 0 sz002474 8.88 2300 1 0.025192 -0.040526 -0.007667 -0.021906 9.13
"X680" 70 2014-06-19 09:46:16 1 sz002474 8.68 2300 1 -0.00783 -0.099553 -0.014541 -0.098434 8.94
"X681" 75 2014-06-20 09:31:41 0 sz002474 8.06 2500 1 0.04461 -0.013631 -0.013631 0.033457 8.07
"X683" 83 2014-06-23 09:46:13 1 sz002474 8.4 2500 1 0.033573 -0.009592 -0.004796 0.009592 8.34
"X682" 82 2014-06-23 10:09:10 0 sz002474 8.54 2300 1 0.033573 -0.009592 -0.004796 0.009592 8.34
"X684" 89 2014-06-24 09:42:05 1 sz002474 8.42 2300 1 0.043943 -0.019002 -0.011876 0.028504 8.42
"X685" 90 2014-06-24 09:50:04 0 sz002474 8.6 2300 1 0.043943 -0.019002 -0.011876 0.028504 8.42
"X686" 94 2014-06-25 09:43:00 1 sz002474 8.68 2300 1 0.012702 -0.04157 -0.012702 -0.030023 8.66
"X687" 98 2014-06-26 10:28:21 0 sz002474 8.54 2300 1 0.061905 -0.005952 -0.005952 0.040476 8.4
"X688" 101 2014-06-27 09:47:07 1 sz002474 8.67 2300 1 0.016018 -0.014874 -0.011442 -0.008009 8.74
"X689" 200 2014-07-29 09:31:40 0 sz002474 8.08 2500 1 0.047859 0.007557 0.007557 0.025189 7.94
"X691" 211 2014-07-30 10:03:27 1 sz002474 8.12 2500 1 0.040541 -0.014742 0.001229 0.030713 8.14
"X690" 210 2014-07-30 11:22:29 0 sz002474 8.13 2500 1 0.040541 -0.014742 0.001229 0.030713 8.14
"X693" 220 2014-07-31 13:02:10 1 sz002474 8.63 2500 1 0.032181 -0.01907 -0.008343 0.005959 8.39
"X692" 219 2014-07-31 10:08:31 0 sz002474 8.37 2400 1 0.032181 -0.01907 -0.008343 0.005959 8.39
"X694" 229 2014-08-01 14:55:03 1 sz002474 8.18 2400 1 0.007109 -0.0391 -0.005924 -0.030806 8.44
"X695" 230 2014-08-01 10:57:41 0 sz002474 8.41 2400 1 0.007109 -0.0391 -0.005924 -0.030806 8.44
"X696" 236 2014-08-04 09:42:31 1 sz002474 8.27 2400 1 0.01956 0 0.003667 0.007335 8.18
"X697" 237 2014-08-04 09:31:39 0 sz002474 8.26 2400 1 0.01956 0 0.003667 0.007335 8.18
"X699" 254 2014-08-05 09:43:29 1 sz002474 8.18 2400 1 0.012107 -0.014528 0 0.004843 8.26
"X698" 252 2014-08-05 11:06:08 0 sz002474 8.3 2400 1 0.012107 -0.014528 0 0.004843 8.26
"X700" 263 2014-08-06 09:43:38 1 sz002474 8.25 2400 1 -0.001205 -0.014458 -0.006024 -0.006024 8.3
"X701" 270 2014-08-07 09:59:07 0 sz002474 8.33 2400 1 0.018182 -0.002424 -0.002424 0 8.25
"X702" 277 2014-08-08 14:55:03 1 sz002474 8.32 2400 1 0.013333 -0.009697 0.006061 0.008485 8.25
"X703" 291 2014-08-12 10:19:09 0 sz002474 8.53 2400 1 0.035971 -0.002398 0 0.023981 8.34
"X704" 300 2014-08-13 09:40:59 1 sz002474 8.42 2400 1 -0.003509 -0.035088 -0.005848 -0.019883 8.55
"X705" 314 2014-08-15 10:55:20 0 sz002474 8.58 2300 1 0.047393 -0.013033 0 0.027251 8.44
"X706" 329 2014-08-18 09:47:13 1 sz002474 8.76 2300 1 0.018433 -0.00576 -0.00576 0.017281 8.68
"X711" 392 2014-08-27 09:30:32 0 sz002474 8.81 2300 1 0.03303 0 0 0.014806 8.78
"X712" 396 2014-08-28 09:32:10 1 sz002474 8.89 2300 1 0.012346 -0.016835 0 -0.007856 8.91
"X713" 397 2014-08-28 09:45:46 0 sz002474 8.94 2200 1 0.012346 -0.016835 0 -0.007856 8.91
"X714" 404 2014-08-29 09:35:09 1 sz002474 8.84 2200 1 0.016968 -0.005656 -0.001131 0.016968 8.84
"X715" 411 2014-09-01 10:23:52 0 sz002474 9.13 2200 1 0.041157 0.001112 0.005562 0.035595 8.99
"X716" 429 2014-09-02 09:30:19 1 sz002474 9.43 2200 1 0.019313 -0.006438 0.019313 0.009657 9.32
"X717" 886 2014-11-03 10:12:52 0 sz002474 13.0693 1500 1 0.028986 -0.014493 -0.008391 0.006102 13.11
"X718" 893 2014-11-04 09:35:26 1 sz002474 12.9207 1500 1 -0.003033 -0.052312 -0.005307 -0.051554 13.19
"X719" 922 2014-11-06 09:30:10 0 sz002474 12.8175 1600 1 0.038735 0.005534 0.008696 0.005534 12.65
"X720" 929 2014-11-07 09:35:22 1 sz002474 12.52 1600 1 0.010212 -0.030636 -0.011783 -0.019639 12.73
"X721" 991 2014-11-12 10:23:11 0 sz002474 11.65 1700 1 0.02439 -0.023519 -0.016551 0.020035 11.48
"X722" 1005 2014-11-13 09:35:20 1 sz002474 11.59 1700 1 -0.007679 -0.035836 -0.007679 -0.034983 11.72
"X723" 1095 2014-11-19 11:16:34 0 sz002474 12.35 1600 1 0.045267 0.000823 0.02716 0.01893 12.15
"X724" 1113 2014-11-20 09:35:05 1 sz002474 12.15 1600 1 -0.00727 -0.028271 -0.024233 -0.024233 12.38
"X725" 1128 2014-11-21 09:42:43 0 sz002474 12.2 1600 1 0.020695 -0.002483 0 0 12.08
"X726" 1148 2014-11-24 09:35:06 1 sz002474 12.11 1600 1 0.010771 -0.021541 0.004971 0.000829 12.07
"X727" 1172 2014-11-25 10:00:42 0 sz002474 12.17 1600 1 0.048013 -0.011589 -0.004139 0.041391 12.08
"X728" 1196 2014-11-26 14:55:00 1 sz002474 12.47 1600 1 0.004769 -0.018283 -0.002385 -0.009539 12.58
"X729" 1406 2014-12-10 09:33:56 0 sz002474 11.32 1800 1 0.037838 -0.008108 -0.006306 0.031532 11.1
"X730" 1436 2014-12-11 09:31:46 1 sz002474 11.47 1800 1 0.049695 -0.010462 0.001744 0.047079 11.47
"X731" 1485 2014-12-15 09:59:09 0 sz002474 12.22 1600 1 0.034768 -0.014073 -0.005795 0.024007 12.08
"X732" 1511 2014-12-16 14:55:03 1 sz002474 12.12 1600 1 0.004847 -0.02504 -0.002423 -0.019386 12.38
"X733" 1524 2014-12-17 11:16:41 0 sz002474 11.91 1700 1 -0.003295 -0.039539 -0.012356 -0.033773 12.14
"X734" 1545 2014-12-18 09:35:36 1 sz002474 11.8 1700 1 0.019608 -0.009378 -0.00341 -0.00682 11.73
"X736" 1646 2014-12-24 09:33:12 0 sz002474 10.6742 1900 1 0.026718 0.002863 0.015267 0.024809 10.48
"X738" 1693 2014-12-25 13:37:36 1 sz002474 11.01 1900 1 0.042791 -0.008372 0 0.033488 10.75
"X739" 1730 2014-12-31 09:33:25 0 sz002474 10.64 1900 1 -0.017447 -0.056933 -0.02663 -0.033058 10.89
"X741" 1765 2015-01-05 10:15:31 1 sz002474 10.37 1900 1 0.038936 -0.020893 0.014245 0.022792 10.53
"X740" 1764 2015-01-05 09:34:46 0 sz002474 10.6242 1900 1 0.038936 -0.020893 0.014245 0.022792 10.53
"X742" 1794 2015-01-06 09:32:26 1 sz002474 10.7 1900 1 0.029712 -0.020427 -0.008357 0.024141 10.77
"X743" 1870 2015-01-12 10:29:10 0 sz002474 10.94 1800 1 0.027675 -0.02214 -0.010148 0.017528 10.84
"X744" 1894 2015-01-13 09:33:39 1 sz002474 10.98 1800 1 0.099728 -0.009973 0.001813 0.099728 11.03
"X745" 1932 2015-01-15 09:44:58 0 sz002474 11.62 1700 1 0.019776 -0.022356 -0.018057 -0.012898 11.63
"X746" 1956 2015-01-16 10:12:48 1 sz002474 11.7 1700 1 0.061901 -0.013078 -0.006103 0.045336 11.47
"X749" 1164 2014-11-25 09:30:13 0 sz002544 19.08 1100 1 0.034847 -0.012672 0 0.031679 18.94
"X750" 1189 2014-11-26 10:11:42 1 sz002544 19.4791 1100 1 0.006138 -0.018926 -0.004604 0 19.55
"X751" 1212 2014-11-27 09:35:02 0 sz002544 19.7 1000 1 0.015824 -0.016845 0.003063 -0.003573 19.59
"X752" 1230 2014-11-28 09:37:21 1 sz002544 19.467 1000 1 0.002043 -0.029622 -0.008682 -0.02145 19.58
"X753" 1266 2014-12-02 09:36:43 0 sz002544 18.65 1100 1 0.078167 -0.008086 -0.002695 0.05283 18.55
"X754" 1293 2014-12-03 14:21:52 1 sz002544 20.06 1100 1 0.050205 -0.026639 0 0.050205 19.52
"X755" 221 2014-07-31 11:28:41 0 sz002600 11.56 1700 1 0.021664 -0.007799 0 -0.001733 11.54
"X756" 227 2014-08-01 10:04:04 1 sz002600 11.4 1700 1 -0.005208 -0.032118 -0.005208 -0.03125 11.52
"X757" 239 2014-08-04 10:03:59 0 sz002600 11.23 1800 1 0.023297 -0.002688 0.000896 0.018817 11.16
"X758" 250 2014-08-05 09:44:23 1 sz002600 11.38 1800 1 0.007909 -0.012302 0.002636 0.000879 11.38
"X759" 268 2014-08-07 10:37:49 0 sz002600 11.64 1700 1 0 -0.023038 -0.007679 -0.017918 11.72
"X760" 276 2014-08-08 09:42:32 1 sz002600 11.59 1700 1 0.033884 -0.009557 0 0.031277 11.51
"X761" 113 2014-07-14 09:49:31 0 sz002601 19.68 1000 1 0.072568 -0.011837 -0.001544 0.066392 19.43
"X762" 125 2014-07-15 09:46:11 1 sz002601 20.583 1000 1 0.019296 -0.018331 -0.009648 0.003859 20.73
"X763" 153 2014-07-22 10:24:56 0 sz002601 21.59 900 1 0.027969 -0.021091 -0.007336 -0.000917 21.81
"X764" 159 2014-07-23 09:47:15 1 sz002601 22.2 900 1 0.033502 -0.012391 -0.006425 0.001377 21.79
"X765" 179 2014-07-25 10:20:58 0 sz002601 21.68 900 1 0.013303 -0.025688 0 -0.01422 21.8
"X766" 184 2014-07-28 09:44:18 1 sz002601 21.54 900 1 0.022315 -0.009763 0 0.001395 21.51
"X767" 564 2014-09-18 10:13:35 0 sz002601 21.79 900 1 0.011121 -0.006024 -0.006024 0.006487 21.58
"X768" 572 2014-09-19 10:01:39 1 sz002601 21.64 900 1 0.001379 -0.013793 -0.001379 -0.00046 21.75
"X769" 615 2014-09-24 09:30:14 0 sz002601 21.31 900 1 0.046992 0 0 0.042763 21.28
"X770" 628 2014-09-25 14:55:01 1 sz002601 22.71 900 1 0.044204 -0.002706 0 0.023906 22.17
"X771" 629 2014-09-25 10:01:55 0 sz002601 22.25 900 1 0.044204 -0.002706 0 0.023906 22.17
"X772" 640 2014-09-26 09:33:41 1 sz002601 22.5367 900 1 0.005722 -0.013204 -0.009683 -0.005282 22.72
"X773" 721 2014-10-15 09:30:12 0 sz002601 24.32 800 1 0.017298 -0.009061 0.000412 -0.001236 24.28
"X774" 745 2014-10-16 09:30:35 1 sz002601 24.12 800 1 -0.003296 -0.039555 -0.004944 -0.037495 24.27
"X775" 782 2014-10-20 09:32:04 0 sz002601 23.49 900 1 0.045396 0 0 0.044968 23.35
"X776" 802 2014-10-21 09:51:33 1 sz002601 24.5176 900 1 0.009832 -0.019664 -0.006555 -0.018025 24.41
"X777" 868 2014-10-30 10:04:51 0 sz002601 24.88 800 1 0.029039 -0.002863 0.001636 -0.002045 24.45
"X778" 879 2014-10-31 09:43:05 1 sz002601 24.63 800 1 0.015164 -0.020492 -0.008197 0.011066 24.4
"X779" 984 2014-11-12 10:13:35 0 sz002601 24.05 800 1 0.027731 -0.011765 -0.008403 0.014706 23.8
"X780" 1006 2014-11-13 09:35:06 1 sz002601 24 800 1 -0.000414 -0.04758 -0.001241 -0.041374 24.17
"X781" 1050 2014-11-17 09:37:18 0 sz002601 23.73 800 1 0.026598 0.001287 0.005148 0.005577 23.31
"X782" 1081 2014-11-18 09:36:03 1 sz002601 23.31 800 1 -0.000853 -0.016638 -0.006826 -0.014078 23.44
"X783" 1312 2014-12-04 09:39:53 0 sz002601 23.1 900 1 0.013543 -0.001747 0.000437 0.003058 22.89
"X784" 1326 2014-12-05 09:35:14 1 sz002601 22.78 900 1 0.003483 -0.057902 0.003483 -0.042664 22.97
"X785" 1502 2014-12-16 09:56:51 0 sz002601 22.1456 900 1 0.038479 -0.003665 0.000916 0.027943 21.83
"X786" 1530 2014-12-17 09:50:57 1 sz002601 21.83 900 1 -0.006682 -0.046325 -0.015145 -0.042316 22.45
"X787" 1643 2014-12-24 09:32:15 0 sz002601 20.27 1000 1 0.032338 0.00398 0.00398 0.029851 20.1
"X788" 1688 2014-12-25 14:55:01 1 sz002601 20.78 1000 1 0.005797 -0.009662 0.001932 0.005797 20.7
"X789" 856 2014-10-29 09:44:04 0 sz300042 17.73 1100 1 0.01692 -0.010152 -0.006204 -0.001692 17.73
"X791" 872 2014-10-30 10:54:05 1 sz300042 17.72 1100 1 0.019763 -0.01694 -0.000565 -0.005082 17.71
"X790" 871 2014-10-30 09:33:33 0 sz300042 17.78 1100 1 0.019763 -0.01694 -0.000565 -0.005082 17.71
"X792" 878 2014-10-31 09:35:45 1 sz300042 17.6018 1100 1 0.007932 -0.029462 0.002833 -0.01983 17.65
"X793" 1056 2014-11-17 09:53:28 0 sz300042 16.04 1200 1 0.029709 0 0.000632 0.025917 15.82
"X794" 1077 2014-11-18 14:09:55 1 sz300042 16.31 1200 1 0.011707 -0.011091 0 0.005545 16.23
"X795" 1102 2014-11-19 11:25:46 0 sz300042 16.4058 1200 1 0.020221 -0.009804 0 0.016544 16.32
"X796" 1112 2014-11-20 09:39:22 1 sz300042 16.3633 1200 1 -0.004819 -0.019277 -0.008434 -0.012048 16.6
"X797" 1133 2014-11-21 09:37:37 0 sz300042 16.5375 1200 1 0.019441 -0.001823 0.000608 0.014581 16.46
"X798" 1151 2014-11-24 09:32:06 1 sz300042 16.74 1200 1 0.008388 -0.011384 0.006591 -0.008388 16.69
"X799" 1168 2014-11-25 09:37:02 0 sz300042 16.62 1200 1 0.026522 -0.004219 0.000603 0.025919 16.59
"X801" 1191 2014-11-26 14:55:01 1 sz300042 17.03 1200 1 0.009988 -0.011163 -0.000588 0.00235 17.02
"X800" 1190 2014-11-26 10:16:23 0 sz300042 17.14 1200 1 0.009988 -0.011163 -0.000588 0.00235 17.02
"X802" 1211 2014-11-27 10:28:23 1 sz300042 17.12 1200 1 0.014068 -0.007034 0.009379 0.009965 17.06
"X803" 1483 2014-12-15 09:47:36 0 sz300042 16.08 1200 1 0.017478 -0.009988 -0.006242 0.01186 16.02
"X804" 1507 2014-12-16 09:47:27 1 sz300042 16.23 1200 1 0.006161 -0.020333 -0.001232 -0.014171 16.23
"X805" 306 2014-08-14 09:56:11 0 sz300052 27.15 700 1 0.035029 -0.004056 0.001106 0.011062 27.12
"X806" 315 2014-08-15 14:55:03 1 sz300052 27.54 700 1 0.01167 -0.013129 -0.004376 0.005835 27.42
"X809" 414 2014-09-01 10:56:19 0 sz300052 28.18 700 1 0.035392 -0.003973 -0.00325 0.029975 27.69
"X810" 430 2014-09-02 13:23:37 1 sz300052 29.98 700 1 0.057133 -0.004206 0.002454 0.036803 28.53
"X811" 626 2014-09-25 09:43:48 0 sz300052 28.3186 700 1 0.003534 -0.010247 0.00212 -0.008127 28.3
"X812" 641 2014-09-26 09:35:01 1 sz300052 28.09 700 1 0.00285 -0.012113 -0.007125 -0.009619 28.07
"X813" 651 2014-10-09 09:30:11 0 sz300052 28.65 700 1 0.043706 -0.005944 -0.001748 0.023077 28.6
"X814" 663 2014-10-10 10:30:37 1 sz300052 28.89 700 1 0.010249 -0.017766 -0.007516 -0.0041 29.27
"X815" 1289 2014-12-03 11:10:45 0 sz300052 25.97 800 1 0.054869 -0.018547 0.004637 0.0483 25.88
"X816" 1315 2014-12-04 14:55:02 1 sz300052 27.26 800 1 0.013981 -0.016924 -0.006623 0.000736 27.18
"X817" 597 2014-09-23 09:48:52 0 sz300068 9.95 2000 1 0.016162 -0.005051 0 0.011111 9.9
"X818" 609 2014-09-24 10:23:16 1 sz300068 9.99 2000 1 0.011988 -0.006993 -0.005994 0.007992 10.01
"X819" 869 2014-10-30 09:37:19 0 sz300068 10.09 2000 1 0.008964 -0.007968 0.001992 -0.005976 10.04
"X820" 877 2014-10-31 09:35:06 1 sz300068 10 2000 1 0.008008 -0.025025 0.005005 -0.015015 9.99
"X821" 895 2014-11-04 09:50:06 0 sz300068 10.05 2000 1 0.004975 -0.01194 -0.000995 -0.00995 10.05
"X822" 908 2014-11-05 09:35:30 1 sz300068 9.93 2000 1 0.013078 -0.011066 0.002012 0.002012 9.94
"X823" 1127 2014-11-21 09:41:41 0 sz300068 11.28 1800 1 0.0287 -0.010762 0.004484 0.007175 11.15
"X824" 1144 2014-11-24 09:32:11 1 sz300068 11.32 1800 1 0.014235 -0.013345 0.005338 0.005338 11.24
"X825" 1236 2014-11-28 10:16:48 0 sz300068 11.62 1700 1 0.005076 -0.027073 -0.006768 0.000846 11.82
"X827" 1438 2014-12-11 09:43:26 1 sz300068 11.33 1900 1 0.048932 -0.016904 -0.011566 0.035587 11.24
"X826" 1403 2014-12-10 09:45:03 0 sz300068 10.66 1900 1 0.061263 -0.005655 0.004713 0.05655 10.61
"X827.1" 1438 2014-12-11 09:43:26 1 sz300068 11.33 1900 1 0.048932 -0.016904 -0.011566 0.035587 11.24
"X829" 1644 2014-12-24 09:35:49 0 sz300068 10.09 2000 1 0.041 0.003 0.006 0.029 10
"X831" 1687 2014-12-25 14:55:01 1 sz300068 10.25 2000 1 0.004859 -0.009718 0.000972 -0.001944 10.29
"X832" 1787 2015-01-06 09:49:51 0 sz300068 10.06 2000 1 0.033066 -0.018036 -0.01002 0.032064 9.98
"X833" 1812 2015-01-07 09:52:55 1 sz300068 10.17 2000 1 -0.001944 -0.026239 -0.006803 -0.019436 10.29
"X834" 1864 2015-01-12 10:00:17 0 sz300068 9.7343 2100 1 0.01222 -0.020367 -0.005092 0.002037 9.82
"X835" 1893 2015-01-13 09:57:52 1 sz300068 10.1 2100 1 0.035569 -0.001016 0 0.029472 9.84
"X836" 930 2014-11-07 09:50:31 0 sz300193 17.75 1100 1 0.019373 -0.014245 0.011396 -0.005698 17.55
"X837" 945 2014-11-10 09:32:07 1 sz300193 17.4176 1100 1 0.004585 -0.009169 0.002865 -0.004011 17.45
"X838" 989 2014-11-12 10:18:36 0 sz300193 16.6817 1200 1 0.015115 -0.005441 -0.005441 0.012092 16.54
"X839" 1002 2014-11-13 09:35:31 1 sz300193 16.6229 1200 1 -0.004779 -0.051374 -0.004779 -0.050179 16.74
"X840" 1024 2014-11-14 10:07:35 0 sz300193 15.84 1300 1 0.00063 -0.018892 -0.007557 -0.009446 15.88
"X841" 1049 2014-11-17 09:35:27 1 sz300193 15.74 1300 1 0.026081 -0.000636 0 0.016539 15.72
"X842" 1147 2014-11-24 09:45:58 0 sz300193 16.3533 1200 1 0.011707 -0.013555 0.010474 0.004929 16.23
"X843" 1165 2014-11-25 09:58:29 1 sz300193 16.42 1200 1 0.034209 -0.004276 -0.004276 0.0281 16.37
"X844" 1213 2014-11-27 10:01:15 0 sz300193 16.9717 1200 1 0.025656 -0.002983 0.00895 0.023866 16.76
"X846" 1233 2014-11-28 10:12:26 1 sz300193 17.68 1200 1 0.041327 -0.004657 -0.003492 0.005239 17.18
"X845" 1232 2014-11-28 09:51:55 0 sz300193 17.29 1200 1 0.041327 -0.004657 -0.003492 0.005239 17.18
"X848" 1335 2014-12-05 09:35:14 1 sz300193 16.69 1200 1 -0.002363 -0.066745 -0.002363 -0.0443 16.93
"X847" 1314 2014-12-04 09:52:35 0 sz300193 17.0231 1200 1 0.011827 -0.004731 0.000591 0.002365 16.91
"X848.1" 1335 2014-12-05 09:35:14 1 sz300193 16.69 1200 1 -0.002363 -0.066745 -0.002363 -0.0443 16.93
"X849" 1443 2014-12-11 09:52:02 0 sz300193 15.94 1300 1 0.017677 -0.011364 -0.006313 0.011364 15.84
"X851" 1460 2014-12-12 11:27:02 1 sz300193 16.08 1300 1 0.013724 0.000624 0.004367 0.013724 16.03
"X850" 1459 2014-12-12 09:49:29 0 sz300193 16.1 1200 1 0.013724 0.000624 0.004367 0.013724 16.03
"X852" 1478 2014-12-15 09:54:35 1 sz300193 16.57 1200 1 0.026462 -0.003077 -0.002462 0.020923 16.25
"X853" 1526 2014-12-17 11:13:52 0 sz300193 16.15 1200 1 0.003683 -0.020872 0.003683 -0.006139 16.29
"X854" 1542 2014-12-18 10:18:29 1 sz300193 16.01 1200 1 -0.003704 -0.024691 -0.003704 -0.02037 16.2
"X855" 812 2014-10-22 10:43:54 0 sz300270 22.31 900 1 0.012217 -0.013122 -0.009502 -0.00905 22.1
"X856" 826 2014-10-23 09:35:41 1 sz300270 21.6 900 1 -0.006413 -0.056344 -0.007329 -0.05268 21.83
"X857" 827 2014-10-23 10:52:39 0 sz300270 21.25 900 1 -0.006413 -0.056344 -0.007329 -0.05268 21.83
"X859" 842 2014-10-24 11:24:56 1 sz300270 20.92 900 1 0.0179 -0.008224 0.012579 -0.003387 20.67
"X858" 841 2014-10-24 10:50:51 0 sz300270 20.985 1000 1 0.0179 -0.008224 0.012579 -0.003387 20.67
"X860" 857 2014-10-29 09:44:54 1 sz300270 22.75 1000 1 0.027342 -0.004482 0.008068 0.001345 22.31
"X861" 14 2014-05-26 09:30:23 0 sz300314 19.07 1100 1 0.022129 0 0 0.011064 18.98
"X862" 18 2014-05-27 09:40:32 1 sz300314 19.0882 1100 1 0 -0.01875 -0.006771 -0.015625 19.2
"X863" 27 2014-06-04 09:32:33 0 sz300314 18.5955 1100 1 0.011892 -0.017297 0 -0.002703 18.5
"X864" 31 2014-06-05 11:20:15 1 sz300314 18.44 1100 1 0.022764 -0.00542 0 0.02168 18.45
"X865" 55 2014-06-16 11:01:56 0 sz300314 19.47 1000 1 0.010786 -0.004622 0.006677 0.008218 19.47
"X866" 63 2014-06-17 14:52:04 1 sz300314 19.31 1000 1 -0.003053 -0.021374 -0.007634 -0.018321 19.65
"X867" 71 2014-06-19 10:06:18 0 sz300314 18.8909 1100 1 0.018028 -0.050901 -0.004772 -0.041357 18.86
"X868" 76 2014-06-20 14:49:10 1 sz300314 18.3122 800 1 0.047488 0 0 0.013805 18.11
"X869" 77 2014-06-20 09:32:38 0 sz300314 18.21 1100 1 0.047488 0 0 0.013805 18.11
"X870" 84 2014-06-23 09:45:04 1 sz300314 18.6536 1400 1 0.044142 0 0 0.028883 18.35
"X871" 4 2014-05-21 10:27:05 0 sz300318 17.1625 1200 1 0.00758 -0.014577 -0.002915 0.005248 17.15
"X872" 9 2014-05-22 09:37:36 1 sz300318 17.1217 1200 1 0.020882 -0.008121 0.012181 0.011021 17.24
"X873" 10 2014-05-22 10:35:57 0 sz300318 17.48 1100 1 0.020882 -0.008121 0.012181 0.011021 17.24
"X874" 12 2014-05-23 09:57:33 1 sz300318 17.36 1100 1 0.026376 -0.010321 0.002867 0.026376 17.44
"X875" 85 2014-06-23 09:50:00 0 sz300318 21.57 900 1 0.016204 -0.020833 -0.009259 0.002315 21.6
"X876" 91 2014-06-24 13:00:44 1 sz300318 21.35 900 1 0.00461 -0.023513 -0.006455 -0.015675 21.69
